mfcc_1,mfcc_2,mfcc_3,mfcc_4,mfcc_5,mfcc_6,mfcc_7,mfcc_8,mfcc_9,mfcc_10,mfcc_11,mfcc_12,mfcc_13,mfcc_14,mfcc_15,mfcc_16,mfcc_17,mfcc_18,mfcc_19,mfcc_20,mfcc_21,mfcc_22,mfcc_23,mfcc_24,mfcc_25,mfcc_26,mfcc_27,mfcc_28,mfcc_29,mfcc_30,mfcc_31,mfcc_32,mfcc_33,mfcc_34,mfcc_35,mfcc_36,mfcc_37,mfcc_38,mfcc_39,mfcc_40,label
-113.619385,121.55302,-19.151056,42.345768,-6.3711677,18.613033,-13.69206,15.339378,-12.283618,10.973775,-8.32241,8.8067875,-3.665802,5.745939,-5.161711,0.7502978,-1.688358,-0.40932855,-2.298869,1.2199471,-3.5383887,-1.1400294,-4.289415,-4.2328043,0.9163248,0.9165485,-5.7633233,-3.930225,1.5080732,2.695646,5.6516275,-3.2703445,-0.20387094,-2.999194,4.4795647,-0.47173452,6.0087132,-0.058999438,-3.4628537,-1.8414087,blues
-207.58151,123.99715,8.939115,35.870758,2.9199703,21.518787,-8.555368,23.355938,-10.101038,11.906445,-5.5581226,5.375942,-2.2378325,4.217125,-6.0110474,0.93266803,-0.7170279,0.29233325,-0.28571686,0.5321443,-4.090439,-1.2404466,-2.842691,-4.3558865,3.2582967,1.2023574,-0.0337801,-0.059279013,3.9833682,-0.4506288,0.8427731,-3.7514126,-4.0992374,-2.455875,5.84026,3.5573013,4.8964677,-0.41341332,-1.9990163,-0.4694125,blues
-90.776344,140.44861,-29.10056,31.68734,-13.975973,25.741686,-13.644712,11.623112,-11.77592,9.700466,-13.115349,5.785763,-8.899733,-1.0870236,-9.216774,2.4536483,-7.721793,-1.8164971,-3.4343534,-2.2313912,-4.049148,-0.56996554,-2.0112383,-5.3869195,-5.123237,-7.8055515,-1.1680623,-0.20640011,1.3844019,-3.0061822,-1.3840289,-4.7452655,-0.37657395,0.49436033,0.4450079,-4.162732,-4.8087063,-6.69736,-4.424347,-0.9846288,blues
-199.462,150.09473,5.649167,26.870144,1.7554406,14.23688,-4.8288727,9.297849,-0.7531419,8.147393,-3.1952357,6.085354,-2.4761882,-1.0762246,-2.8760564,0.7769088,-3.3200555,0.63726276,-0.6175069,-3.40694,-1.5005991,-0.055320386,-1.8619184,-4.710597,-3.9226365,-6.653788,-2.9067204,-3.231801,-0.2720895,-3.8174036,-2.8221364,-4.210177,-2.7049646,-3.8450146,-2.526683,-4.9386477,-5.9521265,-6.6168156,-6.3983254,-1.5017639,blues
-160.29185,126.19576,-35.6025,22.151169,-32.48764,10.862022,-23.357162,0.500523,-11.80477,1.2038777,-13.085074,-2.8098488,-6.935621,-7.5592937,-9.172152,-4.5104084,-5.4537363,-0.92446774,-4.408076,-11.701833,-5.8597007,-0.71842885,0.95112574,-1.2276795,4.565906,0.2896269,-1.2837689,-4.488457,-0.40812594,0.27564165,8.477829,3.64165,-3.0047832,-6.107313,-6.9527907,-4.0751724,-1.1369299,-0.48463175,-4.7880306,-3.2193744,blues
-177.88876,118.18953,-17.55073,30.753101,-21.732107,11.898545,-20.73228,3.176169,-8.575771,-0.9401844,-11.773799,-2.426076,-9.342486,-9.947082,-3.9053469,-5.568541,-1.8399693,-2.7841752,-3.046112,-8.115229,-2.4678442,-1.7123966,-4.2795463,-4.6385307,-2.3284316,0.9241528,4.378612,5.194026,5.694819,2.529238,2.613597,-4.352427,-6.80911,-2.9116187,-1.0631214,1.9084798,1.0155054,-3.1086466,-5.304875,-5.263715,blues
-190.17505,130.29242,-36.348473,33.02909,11.085681,-0.5963724,-20.882357,0.277116,-6.5008707,-5.515623,-7.8452888,-3.123599,-6.595716,-9.947578,-6.540925,-10.07138,-10.912119,-6.970003,-3.4485128,-6.4984574,-7.1202984,-7.1363883,-5.2854896,-4.5902853,-3.238698,-2.8989837,1.4235084,2.9203234,2.11777,-1.4764496,-0.63446116,2.9592261,2.607564,1.79932,-1.9789025,-5.175631,-2.3760102,0.14222993,3.7087803,5.2592106,blues
-179.42007,136.4421,-26.644339,39.97959,5.3018136,10.921237,-20.555347,8.507477,-11.35436,-3.4690983,-8.414114,-6.956977,-3.5483484,-8.051683,-8.9604845,-8.421077,-10.5585985,-10.790192,-4.7007947,-8.638816,-11.0275755,-10.391632,-1.8577003,-1.4492543,-3.1238863,-1.183795,-3.6141505,-3.2580407,-0.6348768,0.894724,4.01671,2.700859,-0.17025478,-2.5200896,-3.4514685,-2.884889,0.73135763,-1.9445958,-4.8657465,-3.2380965,blues
-121.387115,122.505394,-14.739394,46.135292,-8.160384,20.17051,-19.169321,23.050188,-11.825939,21.173412,-6.7202907,7.0050187,-12.739909,5.064209,-5.173075,-1.446995,-7.0369287,2.6948745,3.4093323,-2.6991909,-4.270567,-0.6270918,-4.287083,-13.374432,-8.27833,-2.0942795,10.5590105,2.9193022,-1.0299448,-0.7499113,-0.50079226,-1.404135,-1.8816167,-1.810887,2.3648856,-4.3034086,-3.8789637,-5.0984454,0.49160275,1.1653894,blues
-213.20453,115.15454,-11.720503,39.032555,-20.357819,13.089926,-9.180816,9.023638,-14.101023,4.283337,-6.0441957,3.786368,0.22368747,-5.114481,-0.4145369,-1.1848985,-1.9183391,-2.2957962,2.89123,-4.234533,1.5900459,2.461061,-0.9093403,1.8585109,5.0403576,0.7727143,5.6455097,0.44147408,-0.91098535,-2.213618,-1.8996389,-3.4583857,-0.96608573,1.5506593,3.1903374,4.5528107,1.9053441,-0.680779,-2.7371292,-0.059521183,blues
-173.71587,137.14024,-23.767647,26.99174,-16.687662,4.2143745,-12.582618,5.8545594,-2.884673,-1.186681,-1.9771539,1.8001548,-3.0044112,-1.8699358,-0.7962682,-3.0132642,-0.43592533,-2.00181,-0.7466386,-5.001238,-1.8160439,0.80674654,2.5055745,-1.6417372,-3.3359144,-0.13622111,4.4879503,8.8497095,9.319613,1.2971637,-1.8052478,-6.4742684,-3.8727207,1.8019758,-3.190031,-5.8477664,-6.718807,-1.4338906,3.2748842,1.2342955,blues
-287.92355,123.97104,5.4561224,33.684544,1.0892011,14.704721,-4.898606,8.6532755,0.78279775,6.5667357,-4.87944,-3.1806588,-5.557003,-6.786621,-2.644233,-2.9824317,-3.3811383,-1.8614974,1.8359205,-4.8965116,-5.538484,-3.612521,-2.0601182,-6.517657,-6.8794336,-2.781112,1.6434361,-1.8873737,-4.67837,-3.3404355,-2.2557988,-1.9168481,-1.8664528,-1.3519363,-2.9247153,-2.6872435,-1.3020627,-1.4030877,-1.2841538,0.8157186,blues
-207.20874,132.79709,-15.460706,60.99486,0.7102411,12.461279,1.1609275,-1.5278946,-17.901815,8.369234,-2.4538188,-0.59668887,0.3688166,2.6052277,-5.193015,-9.530149,-9.2374,-2.8406756,-1.4114445,-5.9310284,7.7731123,4.093114,4.058162,3.6514397,6.006844,0.41913077,2.048627,1.4418106,6.510237,9.659197,6.698107,0.19275337,-2.359087,-1.0716188,-0.25927278,4.1333394,0.7824551,0.5219819,0.9380264,3.291872,blues
-209.78221,124.46592,10.285804,47.030174,6.4823847,15.417021,-2.0100777,6.735786,-21.54862,10.7284975,-5.5324316,-2.2020378,-3.051727,8.644019,-0.31084585,-0.63614476,-2.935938,-1.706597,-1.7654226,-7.755964,3.4221113,3.5782943,2.8118165,-0.6349815,3.561399,-5.5300465,0.74849427,5.160498,8.532248,5.9606123,7.4524336,1.6511073,-0.54788727,2.166981,3.7546773,2.564597,0.38210633,-0.10549414,-1.5471799,1.3110808,blues
-305.69858,113.04164,12.114901,45.039444,17.73924,14.59463,4.1571283,0.24009794,-7.013088,13.649843,8.923058,1.30169,5.952128,8.542282,1.1171259,0.58821875,0.060077395,-3.706519,-1.001884,-1.8044139,4.9643807,4.3411965,3.4257812,1.2855431,2.8854659,2.2391791,3.4702225,6.01861,7.7585616,9.786685,8.9374895,3.7860103,-1.9251235,-0.67897713,1.9554964,2.8457282,-0.055123888,-0.788683,-2.3206525,1.6252086,blues
-238.53304,120.08829,-4.2245555,42.310043,5.9163294,13.914182,5.3575773,1.903709,-16.92988,12.339311,3.9409604,-1.3906771,0.014792085,3.5804954,-4.5049934,-5.541951,-6.8830776,-4.8263903,1.7385828,-1.8840166,6.892139,5.3051734,5.5378985,0.55030435,1.8520037,-0.08424153,4.234025,4.3462486,5.9777203,6.7855787,4.524838,1.3913791,-0.05005308,-0.6147501,-2.3430245,1.8984556,-0.57449496,-1.7184716,-1.4194747,2.1560318,blues
-233.79489,120.66705,-3.1675608,39.53927,3.858855,18.839672,-3.6889172,4.431845,-14.975374,17.571035,1.8447447,2.538607,-1.2386856,8.4393635,-0.20983854,-3.9067852,-4.4786415,-0.012232152,1.293265,-2.0874293,6.7976127,0.58781993,1.6384307,-0.733319,3.0821397,-1.9876028,3.6417997,3.6174347,3.6358373,0.6734099,5.378554,8.267168,8.556204,5.546317,0.6470652,-2.0081127,-0.7855206,3.994944,0.4930023,-0.8923272,blues
-245.75414,140.48093,-2.771439,60.42012,18.9254,9.8371,3.566577,0.5361875,-16.367361,6.6298547,7.269149,-4.0157304,1.6074536,5.898682,-3.017608,-4.7748995,-3.0270703,-1.9985329,-0.05875907,-3.9718897,-0.40389118,1.97177,0.46303427,-1.840758,2.7746994,0.62972534,1.4135933,4.837874,3.6356168,2.6676002,4.7892385,6.6611404,7.7556477,6.7842417,0.33173752,-1.8084682,0.12957829,2.4163396,2.5501368,0.10126614,blues
-252.51877,104.93698,15.316828,42.673473,6.7626176,21.623575,-1.313277,5.691933,-16.619516,12.161626,-1.96795,1.969765,-0.88895833,7.771046,2.3869514,1.7799877,1.3449866,3.6371133,4.910808,-2.6554039,4.1091933,2.1986365,2.534115,-1.63606,2.8631232,-3.0687807,0.2486492,0.5662472,4.8132,3.6551955,3.5380259,0.75215673,1.620619,3.3448691,2.3730717,3.211482,0.064400025,-1.4290284,-0.5716601,2.4580858,blues
-236.6889,138.40428,-4.923575,47.647713,5.152376,8.895284,0.48285612,-3.8016675,-14.974892,10.432587,-0.3539616,0.7883456,1.7829305,4.230211,-0.471017,-6.1056542,-5.3870773,-1.3430606,-3.722793,-4.362499,4.5465317,0.07600398,5.449177,3.7077432,1.9497089,0.3224637,4.9483986,2.3792398,0.4448881,1.8241855,5.9099984,10.8361435,8.701071,5.563939,2.3871825,-0.41469967,-2.153804,1.4988688,-0.948813,-1.875831,blues
-230.42657,127.100525,7.145355,39.784317,1.9449425,17.40534,-5.639429,8.25213,-18.104385,13.842513,-3.760913,2.5718598,-4.3208055,6.8123913,-6.1598387,-6.2154546,-4.5115924,-1.8506044,-0.5394865,1.504397,9.011649,4.429531,6.2149224,-1.6452411,-0.41142684,-3.0033126,1.5931019,0.17300977,4.993978,0.55183977,1.4769732,3.1152349,6.687716,6.4735384,4.5107183,-0.78761953,-2.2776117,-0.430576,-2.605891,-0.8331601,blues
-264.67847,138.85834,11.156024,48.538254,14.895924,20.584368,3.2051423,1.262588,-15.847021,15.986576,3.3616717,-1.5137409,1.892155,6.3119216,-0.9948621,-2.4167242,-3.6847513,0.49939725,5.050747,-0.7867031,5.0169168,-0.14098951,-1.5651623,-1.0404779,3.0535064,-1.9827342,2.433931,2.3241084,0.097356305,0.20787969,1.6949698,1.7448696,1.0070001,0.6169264,1.915519,2.6901474,-0.4553556,3.3295665,3.3969371,1.1337955,blues
-233.85751,136.17209,3.2713182,48.931213,8.685134,13.97951,5.354868,0.39087018,-13.504575,16.856106,5.130938,-2.23188,3.9640331,5.3183618,0.8122656,-1.0979141,-4.539752,-2.434786,3.313449,-0.6142794,7.0671306,3.0549421,0.5773832,0.604153,2.784853,-1.4458077,2.0438118,5.6110477,2.9372177,2.1086755,2.5322511,-0.4580253,-2.224549,0.13010466,-0.45794523,-0.15111922,-0.30845782,5.0325847,5.30105,1.6343501,blues
-227.26886,137.7307,-14.493466,63.555702,5.612641,11.984639,1.8855519,-1.8633765,-7.6205554,-2.4471745,-2.886725,-9.429529,-10.923911,3.562558,4.1377063,0.09554383,-2.972545,-1.3788753,7.541176,-3.0374627,-5.8690825,-3.2556946,0.83528244,3.7315578,3.7055347,1.75643,-0.18940374,-4.2995253,0.29012418,1.4659412,3.9169052,7.1919007,4.6489253,-0.20544349,-7.19397,-7.106317,-2.1542428,0.72442144,-2.2915962,-3.8595972,blues
-274.31186,130.41371,-6.3928003,70.405014,13.269141,9.461284,7.7256403,-1.2474909,-0.5775883,-2.3025885,3.783147,0.08482337,-0.93943614,2.2965147,4.2883787,-1.6618618,-10.444595,-6.7975335,-1.0660517,-1.5959948,-1.1833357,-1.270293,2.4868212,3.0607395,1.3598973,1.8963162,-0.6075839,-1.5944372,5.495969,8.930596,7.5232053,5.8437243,2.1523542,-3.3565187,-7.3288403,-4.633935,-1.1170512,-0.9417034,-4.8571243,-5.742,blues
-249.2894,130.98703,0.6773903,66.68578,17.897806,4.6237364,6.5983076,1.2490501,1.4163895,-1.5791419,-0.96266323,-3.5719957,-2.9279814,4.596818,7.478901,-0.18313693,-2.8253267,-2.6788447,0.7485471,-0.5342602,-3.013124,0.974523,1.4355257,1.5975338,2.9452615,1.3411971,-0.2570322,0.1268646,4.1778355,6.5228796,2.554592,-1.4885147,-1.5802863,-4.076856,-5.668731,-2.2920501,-0.6887121,-1.5203532,-4.788378,-1.8162622,blues
-284.69733,108.80518,9.088286,51.22274,18.09176,7.612258,8.779501,2.3628287,0.005785774,2.2509668,4.2050986,-3.2933164,1.608298,2.6657817,3.3244853,3.2600784,-4.558311,0.47801885,5.929787,3.2283406,1.8785927,1.3648264,2.4437711,0.6755581,-1.7828133,-1.415032,-1.3478699,-1.8769561,-2.519473,-2.2802,-1.2258626,0.46437153,0.17404,-3.2940602,-4.2287893,-2.2338996,1.0857328,0.17495997,-4.899648,-2.4929721,blues
-228.25063,130.3444,-23.29129,70.1721,1.1422708,7.6024485,0.90993816,1.9782511,-6.167008,-9.396024,-2.5628407,-4.5228944,-0.26295045,0.17933385,-1.5074474,1.4652517,-6.9718475,-8.32218,4.2389526,0.98148614,2.6109023,1.5527148,0.109994166,-2.701053,-2.3527682,-0.29116556,-1.4760938,-0.27165046,-0.15426059,-3.9425983,-3.0952337,-4.255201,-6.734352,-5.1832957,-7.478676,-6.549862,-5.5049615,-4.553446,-3.5519173,2.6809115,blues
-248.98674,139.0672,-16.2825,57.117985,20.192654,10.188038,4.5439763,0.331279,-7.87795,-3.4479153,-2.646489,-2.8313823,-0.9021665,-2.4017205,2.5675032,-5.855444,-12.398049,-7.310066,-0.94395065,-2.6873755,-2.9989293,-2.4182837,-0.8202371,1.1893007,0.731123,-0.5808317,-3.1812923,-2.4007108,2.0960307,4.7608237,7.2359834,5.9495497,0.54922956,-4.501244,-6.7351265,-3.2949831,-0.21166576,-0.7878608,-4.7489986,-4.4218802,blues
-233.75082,101.178276,17.649765,23.733782,2.0820308,25.941927,-16.958853,15.098037,-22.278717,4.3951244,-23.207405,-6.057174,-5.068858,1.0673932,-5.7853684,-8.311131,-11.389136,-6.7279496,-10.025587,-14.032895,-13.941642,-12.283794,-15.634611,-17.248884,-7.6295185,-11.211274,-7.338371,-12.709408,-6.594499,-7.4224057,-6.4947066,-3.3719451,-1.6944348,-6.937933,-3.5807078,-3.7524712,-6.627271,-0.37446082,-1.0272646,-4.35388,blues
-206.96808,117.792984,23.23588,28.297827,-1.1239152,18.862036,-21.949682,17.849985,-25.585644,2.1299253,-17.794416,-8.015903,-17.607277,-8.139437,-8.648127,-15.528326,-15.317337,-9.66383,-10.0986805,-17.833735,-6.5358405,-6.573339,-12.748006,-12.207887,-8.993254,-12.406386,-5.7777634,-11.53472,-6.61128,-7.0931935,-11.972395,-12.426523,-10.970476,-10.994474,-8.690117,-3.1613784,-3.4710598,-4.7182775,-0.5376949,1.4674175,blues
-221.83113,110.83949,18.61682,30.920137,3.295923,22.587362,-20.416351,12.118737,-26.350498,-4.367485,-26.413198,-13.045098,-12.654766,-1.8243437,-7.258695,-6.661086,-14.686605,-11.720062,-11.023767,-13.388403,-15.678537,-15.303345,-13.755701,-16.177986,-5.245714,-11.313874,-9.472084,-14.032243,-6.329536,-2.2054143,1.1504488,0.33263555,-4.7429476,-4.6598496,-2.2234924,-5.033975,-7.105322,-2.4176652,-5.593121,-9.187861,blues
-288.8077,105.89604,18.777039,23.710392,5.711881,25.549088,-13.47376,12.428972,-11.942034,1.5714254,-15.63591,-6.6506157,-11.713253,-2.9383888,-7.3725796,-15.697483,-10.9741535,-10.8895445,-18.505476,-19.103352,-8.7455845,-10.344914,-15.0033865,-17.338305,-11.288121,-6.713057,-3.6895514,-5.6880546,-4.632819,-8.340749,-6.6255283,-9.481179,-9.744416,-10.595023,-8.320598,-3.0721004,0.79449314,-1.6858891,-3.361248,-3.9683251,blues
-239.03807,108.65722,34.15189,30.23917,-0.47574347,27.292637,-21.379398,14.150509,-24.510178,-1.8840462,-28.050291,-11.25665,-16.47693,-7.637184,-12.799122,-15.357241,-13.729804,-7.3977785,-10.089319,-13.29154,-8.918517,-11.164578,-14.153515,-15.473669,-8.666998,-8.834944,-1.4173044,-9.866647,-6.2561884,-8.978189,-8.761985,-8.081801,-6.126153,-7.813,-7.545515,-8.023716,-5.889155,-1.0590097,2.228018,3.72822,blues
-217.23868,105.792366,15.617071,25.25638,-1.4402744,30.18982,-17.71522,17.318172,-27.209526,4.339167,-20.059492,-10.695944,-14.220667,-5.1562176,-3.473266,-6.189413,-15.326929,-6.845921,-9.82767,-13.943093,-13.6964855,-15.133722,-11.581716,-13.277816,-4.7724824,-6.9542136,-5.558409,-13.9653845,-11.705408,-6.395062,-5.9961724,-5.1991777,-3.7420137,-6.6131544,-2.2970734,-3.0403225,-6.7230864,-3.8079073,-0.49222955,-4.5755453,blues
-171.8102,120.280624,15.3275385,21.09045,-5.4192963,24.189465,-24.138222,18.551981,-22.348904,1.3031778,-20.763931,-4.9888525,-17.118925,-7.886534,-15.308929,-9.351314,-8.913866,-8.525089,-14.333636,-19.933725,-14.498195,-4.4419794,-6.3487387,-13.986056,-15.103284,-18.514864,-9.775942,-7.230635,0.018112466,4.388187,-0.72634244,-7.598214,-6.394118,-6.648575,-7.5513997,-7.356231,-5.2631106,-6.4793305,-6.333947,-8.993705,blues
-200.19606,116.34013,18.00621,25.313562,0.29173434,24.192476,-22.255909,11.186425,-26.848732,-7.6384597,-24.889929,-12.015525,-17.017954,-8.120277,-11.956443,-12.609148,-14.181589,-8.206693,-15.028046,-10.327059,-10.426638,-12.870197,-11.825806,-17.595095,-9.03984,-8.078135,-0.29591224,-6.7382073,-3.2581837,-4.518498,-3.5153196,-7.080008,-2.256724,-8.151998,-11.334637,-6.8460894,-6.478708,-0.1539078,6.323745,2.9773524,blues
-328.68088,102.71113,19.895552,26.732681,7.151481,22.704802,-6.9743266,12.781994,-10.7257805,-0.4336611,-12.373165,-8.907054,-9.2401085,-9.106373,-9.001113,-7.6363454,-7.1891537,-9.366816,-4.469685,-3.6831248,-1.0677596,-2.6156683,-11.536373,-19.0343,-13.69935,-4.615658,-0.20253581,-7.204218,-8.91061,-11.242503,-7.8016286,-2.9623344,-6.144367,-11.278101,-11.237209,-8.962382,-8.098969,-3.8332171,7.53604,10.969466,blues
-192.69382,111.18816,21.37331,26.392143,-0.6483754,23.48088,-25.470797,16.924429,-16.979984,5.79015,-25.725246,-5.0453525,-17.632246,-7.9208665,-15.150279,-12.345927,-17.235107,-7.7819333,-13.042012,-17.948872,-8.518192,-4.9490137,-11.519487,-10.183083,-8.140699,-17.347979,-5.12308,-9.571379,1.00489,5.3666153,3.4075255,-2.8618193,-3.400239,-6.198205,-3.8136353,-4.608588,-5.0312743,-6.767432,-6.6408033,-10.245686,blues
-301.70715,111.53472,21.896408,16.14818,8.19624,22.085075,-8.614954,1.4815575,-17.084373,-8.345809,-17.013063,-10.57562,-15.689096,-12.605565,-12.253903,-14.553244,-10.10251,-5.7855344,-7.775144,-7.1861954,-6.5239363,-6.2194705,-12.392347,-16.332367,-11.469442,-12.742511,-3.485584,-6.5372863,-7.460697,-7.57359,-8.208342,-9.292455,-4.619143,-7.661604,-11.395263,-7.408761,-8.532782,0.10150489,6.271554,3.9082696,blues
-110.284325,90.705605,-2.5283113,74.052734,-11.746768,39.214577,-13.1743,20.531586,-17.167608,12.827254,-21.434446,5.952132,-8.032604,4.243276,-16.482643,6.545287,-5.693636,-3.6378522,-4.857603,1.8532673,-5.4875617,-4.6801963,-0.9774199,1.8332814,2.888276,0.60000885,-2.70852,-2.9986565,-2.9550529,-4.8496666,-0.77166444,-2.2603273,0.90703857,1.6708635,0.5046718,-1.886472,3.0051074,-2.1736474,-2.8563225,-5.2406197,blues
-107.18975,88.47057,-4.1777873,55.48549,-8.01038,38.416542,-6.402575,28.576523,-19.820787,13.252739,-19.239792,12.076225,-4.583088,3.789716,-16.9937,11.62496,-7.362244,-3.6578155,-7.1791234,1.9747294,-1.8481313,-0.7360205,3.151773,4.2956624,-1.195123,-3.9126294,-10.6123495,-3.9238687,-2.1862586,-0.38536823,-0.75824285,-5.416585,-1.6356937,0.896871,1.4747782,-3.9553428,0.56952214,-1.9335734,-2.0512261,-4.999432,blues
-159.56772,69.78482,-4.39188,76.851135,3.9159086,45.167534,-4.867353,32.200516,-9.796341,7.812512,-21.826967,9.682441,-2.591589,3.3045378,-14.970442,10.232261,-4.08953,-5.8507586,-2.4700005,6.6611314,3.7075763,-10.246476,-6.6826673,-5.441424,-2.3651266,-1.8085495,-1.6036187,-1.6623342,-6.1309886,-4.093412,2.9830174,-7.9417076,-6.1014194,-2.70398,-2.3211246,-5.571871,4.6962347,-0.080673076,-3.119928,-1.2938522,blues
-109.195,100.62705,-8.620549,47.36422,-6.559237,39.620792,-8.523994,29.564737,-16.583515,13.170685,-24.20932,6.5919027,-8.641899,4.917566,-15.442783,1.537612,-6.739273,1.4151818,-3.9658139,3.2878773,0.018798923,-0.2930474,-1.1389226,-2.145837,-2.7829275,-1.3716096,-6.027897,-2.628545,1.7101932,-2.3864188,-0.78069985,1.530009,-1.5763321,-4.3329926,-0.4972065,-1.9428586,0.20395488,-1.9669764,-0.7461018,-1.7812794,blues
-109.53234,86.9265,-8.6249895,64.4895,-6.306035,43.64582,-8.293103,28.54643,-14.08159,8.136636,-21.490427,11.0866165,-5.094468,3.978772,-12.864777,12.342427,0.020585477,-0.73923826,-5.130451,3.3071313,-0.5356435,-6.3173194,-2.9046483,-0.7827648,-3.9420726,-3.0772753,-6.9452205,-4.205111,-5.238766,-0.65020084,3.2446754,-4.4435935,-2.236675,0.3201306,-1.2109373,-5.2249985,3.1939723,-1.5856707,-3.5616028,-5.25872,blues
-163.24313,89.78489,12.977457,80.69249,3.6667745,39.74513,-5.4003787,26.49867,-13.163736,2.7070131,-20.552906,6.0071893,-2.9081326,-0.43483505,-17.545372,4.154168,-5.9900985,-7.8620358,-8.565295,1.8571713,-1.1085702,-7.0141153,-3.7923405,-6.253027,-2.5730948,-5.92257,-6.9644213,-5.9094434,-2.993216,-5.060863,3.2361162,-3.7754376,-6.7477474,-1.683576,-1.5113051,-4.261569,0.119240254,-2.8156943,-3.2812364,-7.2795053,blues
-182.66501,90.68653,14.118146,67.55459,2.6876106,38.431614,-8.420627,24.123554,-13.787512,4.8449693,-16.676622,5.823079,-5.1492887,0.19378841,-14.486603,6.864802,-4.4448314,-2.9868772,-4.8211694,5.399324,-1.1535884,-4.6451936,-4.4017105,-1.5543903,-0.093727656,-0.7109966,-3.4011953,-4.0029225,-4.2062287,-5.094525,3.0877786,-2.9002426,-2.2612066,0.24335152,-0.32337654,-1.2815942,2.5227075,-0.5225191,-1.7832696,-2.692192,blues
-149.97588,93.640755,6.3362436,71.51115,-8.113178,36.21202,-9.784973,17.641598,-21.119005,-0.1259031,-22.200989,5.435663,-7.4677787,-4.3329644,-12.409766,9.624794,-5.02424,-3.7063131,2.3359406,4.1622434,2.0230525,-6.7766333,1.9622389,2.0050797,-2.0746238,-0.9067872,-4.965382,-5.8948574,-7.465297,-6.8621635,-0.8082468,-1.530219,2.9448326,-3.5761957,-1.6892921,-3.3722548,1.1235428,-2.218433,-4.412325,-5.3131213,blues
-106.34815,102.64147,-20.172256,59.375206,-9.967278,33.70612,-14.182173,23.516733,-13.329083,16.026068,-18.923176,7.831766,-7.800382,4.050436,-11.348729,2.071761,-5.742274,0.46529683,-1.9167929,-3.1317534,-7.873261,-2.8136284,3.524839,0.8987553,1.4428492,-3.4406507,-8.376187,-4.6948724,0.61567265,-0.9312797,-1.6845002,-4.908412,-1.7272426,-4.259532,0.9923707,-2.1335244,2.1186233,-2.345546,-1.8905602,-5.881536,blues
-255.97383,110.82752,21.460573,67.588135,4.2883115,43.11846,-4.508348,10.442597,-8.718592,1.6548898,-20.58779,-2.4306738,-7.144061,-11.172763,-12.612459,2.7417226,-8.942421,-7.9461575,-2.3538346,-0.71479535,1.5618296,-5.935918,0.44184786,-0.69376075,0.197759,1.3144844,-3.9491735,-4.8852925,-0.6164703,-1.1753867,-1.0806521,-5.3121996,-0.5868325,-4.2083335,-6.219944,-4.9528837,-1.270844,-2.6621895,-4.945676,-2.9655874,blues
-83.00168,107.06744,-25.32368,57.122074,0.08129869,34.708904,-11.047215,20.53328,-11.220151,14.839782,-10.229967,12.542858,-9.772626,2.560521,-6.298749,3.0084884,-8.717001,-0.32524624,-2.9847343,0.714617,-0.72754693,6.9045563,2.3230743,-1.4856552,-1.0355937,-3.9847295,2.063857,0.8937788,-0.3267292,-1.8766145,0.20335704,-3.1715484,-1.3924073,-2.5747592,2.7696805,-0.9427095,-0.29901776,-6.699016,-1.9220965,-0.42812788,blues
-55.59663,114.95122,-37.06935,64.90438,-7.164943,15.254702,-16.23533,18.643576,-9.752286,21.46539,-5.6520977,12.78424,-16.537031,3.797079,-7.8952417,8.47764,-4.0678988,3.2060173,-5.1801424,-1.2800465,0.47795412,3.4287102,-1.1295173,0.29387274,-0.33311954,-4.6452537,1.4737769,-1.7478557,-3.1398487,-1.485034,-2.5186174,-5.936332,1.7661172,-2.1855965,2.8691418,-3.396175,-2.2890608,-5.0883574,-2.654977,-3.7388084,blues
-225.30031,117.64152,-14.544607,64.80238,12.931657,19.029236,10.688534,9.883124,-2.382837,11.688009,1.5453439,3.0493672,-7.628483,-8.961092,-4.351271,-0.06528471,-2.5532408,-3.436927,-3.8674521,1.3170224,3.7119277,-3.5770347,-4.84364,-1.1377119,-1.545574,-0.48190132,9.401857,3.2200637,-3.4187133,-3.127262,-5.9443326,-5.9852376,-3.3530002,-2.3643224,3.3332777,3.30348,-1.3610114,-2.8125095,-3.4637017,-3.4692407,blues
-76.75777,105.77048,-43.208836,60.950108,-8.791272,21.24678,-12.877674,18.621216,-11.3991165,14.5500555,-6.057422,12.74034,-9.374367,1.3606244,-3.6204464,7.0045776,-4.0630016,-0.26885945,-3.7049413,-0.4966115,0.16649294,0.664513,0.36703968,4.245531,3.9661589,1.1685114,6.2195764,-0.7212652,-1.3940504,0.9168149,-2.9569845,-6.2253184,-0.26086926,-0.029801337,3.7006352,0.17521605,-2.3056738,-2.4158294,0.5259261,-2.446133,blues
-58.0011,109.01412,-36.218388,64.04036,1.4301567,26.315119,-17.482681,20.431017,-9.543072,18.177134,-6.057144,13.878273,-11.2975645,4.668999,-6.410602,3.2177248,-8.079231,-1.7114851,-5.424766,-2.5814133,-2.223736,3.1003315,0.47753558,2.4268413,0.79032934,-1.726544,1.679125,-3.6278858,-4.763314,-3.9650054,-2.2143457,-4.569273,0.38084418,-1.4792575,1.9974792,-0.818424,-0.43242174,-2.5766394,-0.74634033,-2.6627007,blues
-98.69757,104.80118,-35.10867,60.695045,-2.839327,22.231003,-7.8374567,19.03072,-11.578803,17.021759,-5.3873515,12.199111,-9.960819,0.35878804,-4.2613454,6.1379223,-4.83024,1.4995236,-1.494247,3.5056384,3.2775,1.5452989,-1.9652032,0.54890496,-0.9241473,-1.7105784,7.655696,1.8138386,-0.66555476,0.58876276,-0.1640612,-4.584634,-0.8073989,-2.8981998,3.205808,0.3758057,-0.68588245,-3.557833,-0.907094,-2.562943,blues
-145.42917,102.859566,-12.542129,56.96205,2.2472649,26.607044,-4.2670326,17.337631,-7.9970326,15.232124,-6.9374757,7.460382,-10.468325,-2.352241,-6.785083,2.6685784,-4.7798705,-0.9447575,0.030943478,-2.0021641,-0.42842165,2.7476993,-1.6227756,-2.8204856,-2.051196,-5.604547,4.8941126,0.23478226,-3.5880482,-1.0190318,-3.2546186,-3.3906922,-1.8545477,-2.2657166,0.025442543,-3.3537948,-3.3075047,-7.0245733,-0.6548538,-4.2341914,blues
-92.76854,115.340775,-35.060043,57.853596,1.8453195,26.61206,-14.544862,22.132044,-8.207085,11.007707,-5.644094,7.2728615,-10.202147,1.3271272,-4.106722,0.97495973,-6.5505667,-0.6835876,-2.1250021,-1.5218054,-1.5679096,1.2941726,-0.46828118,-3.13113,-1.5342172,-4.509235,1.9821864,-2.8075163,-2.8685458,-2.3764744,-1.0351753,-3.6988363,0.19711965,-1.7863511,-0.18296006,-1.8307614,-1.39081,-1.9110421,0.37895608,-1.2024258,blues
-95.45586,105.22937,-26.962673,60.836983,-4.847295,21.54521,-13.523774,12.135235,-20.232872,12.151344,-5.229753,10.264026,-9.453709,3.8617477,-10.19307,3.5858996,-3.0982797,0.20068085,0.84102994,-3.420522,-3.999199,6.3633766,4.5804787,2.325606,5.701461,-0.14780825,3.3590121,0.21314842,-0.39287692,0.36529315,-1.072059,-4.704923,-0.83972895,-0.647354,0.9300786,-2.2133474,-1.4155198,-2.1423151,0.57037914,-3.2225802,blues
-86.25098,91.9421,-23.4035,68.2495,-3.8901277,22.742178,-9.895618,16.891766,-11.393833,18.429016,-7.011848,10.766728,-11.93729,1.0025737,-5.922303,5.314186,-6.139845,1.9491451,-5.0979905,-0.6654877,-0.49479473,1.0684962,-0.8523396,1.9233811,3.2549047,-2.1303594,8.21075,0.3732947,-4.3529315,0.072414055,-2.2878633,-4.3172455,-2.5949838,-2.359183,4.30187,0.101621315,0.7810595,-4.036183,1.467415,-4.1792464,blues
-67.805534,111.709366,-34.657303,61.34179,0.045181226,30.571093,-12.704326,21.166828,-13.13489,16.2878,-6.343271,12.295478,-12.483006,1.6834177,-5.147794,4.6469026,-6.9180565,1.048274,-4.7390194,-0.65834963,-0.789304,3.7353709,-1.0110648,1.7837576,-0.5874331,-4.4747677,3.0227256,-1.0742834,-4.1540327,-2.077584,-0.024067692,-4.2489676,-1.5174798,-2.342698,2.8055415,-1.2048585,-1.4395506,-3.5630975,1.2105513,-2.8347116,blues
-82.485886,94.170334,-27.139204,75.66251,-27.52998,35.589035,-20.298962,25.121317,-15.379852,11.346787,-13.4022875,8.153382,-8.504349,8.285464,-10.359799,-3.4602373,-5.226152,-2.5910995,-8.365251,-6.9781156,-0.20467295,-6.138712,-1.2571902,-1.2975345,-2.6545331,-2.2212634,-0.8465468,-4.1520767,-0.8203211,-3.464907,-1.9506564,-8.438501,-1.1439186,-0.23910034,-0.3317896,-1.5877992,0.12642677,-5.789716,-6.1905913,1.5006276,blues
-144.99365,95.74281,-21.61032,49.62971,-29.898346,29.358595,-18.849941,17.890139,-9.674273,5.5135674,-9.5545635,6.3690124,-21.091816,2.4598293,-9.537456,-1.4153432,-9.326942,5.140728,-8.113004,-2.4492147,2.000777,-7.89295,-5.0666647,-6.202022,-4.4924655,-6.1164584,-3.7520764,-5.360101,-3.2671628,-9.626857,-2.9439,-6.398176,-0.17971745,-5.378261,-4.9900007,-4.67508,-2.108679,-5.778356,-3.9623525,1.6011765,blues
-129.11397,72.11977,-7.7658463,49.26091,-32.721973,21.608433,-27.37464,15.002844,-10.258776,12.437438,-17.034569,7.118173,-18.020405,2.9276602,-14.486263,4.0620627,-14.537421,7.258291,-8.20802,-1.9981062,-3.7730088,-4.117711,-6.2749944,0.19129533,-2.969922,-1.9348844,-3.9714077,-4.6597753,0.98010576,-8.431896,-2.06457,-2.8859818,-3.0863202,-2.1086743,-2.7196555,-4.235222,-5.479977,-1.8552586,0.37733784,-0.5391489,blues
-85.17353,88.81205,-16.331642,59.223236,-35.993603,14.391535,-22.306257,9.651897,-14.823916,11.181605,-14.808832,8.478196,-19.59089,6.4134293,-13.782541,6.1157637,-13.154796,3.934137,-7.6171,3.7527041,-3.0058033,-0.41872424,-6.153738,3.985813,-1.4015541,-0.9963724,-3.5927355,2.590481,0.21098408,-6.3738165,0.49625653,-3.6110322,-6.854163,-6.690543,-6.6132646,-2.3593156,-3.9643373,1.873979,3.9021482,1.3364313,blues
-118.37033,74.86732,-19.869467,46.947586,-32.569054,23.835135,-26.374111,17.692514,-13.826244,11.946739,-17.888779,7.555983,-22.900585,4.764417,-12.797208,5.6202664,-14.7387495,6.6824026,-9.169973,-2.2361934,-3.9915822,-6.2625017,-4.0277157,0.8360576,-2.0192091,2.9053218,0.59402925,0.2373933,1.8212903,-3.4774182,-5.133362,-6.942619,-2.7000732,-1.2573669,-5.4851646,-4.474386,-2.7449636,0.19935389,-0.69468504,-5.0737896,blues
-116.546364,97.444626,-13.895614,48.974854,-22.594566,27.76544,-20.240068,18.63935,-14.6516695,8.481435,-16.655897,11.001678,-13.869425,9.742047,-5.09433,2.6373723,-9.890765,6.1601152,-7.6891356,-4.851008,-3.032552,-4.6494803,-3.9173405,-1.4134231,-0.876493,0.09212272,0.88034254,-4.4050293,-1.9194582,-1.6535051,-1.4302114,-6.025374,-5.7207365,-2.7021368,-2.5175812,-3.2586584,-2.6647353,-5.1014996,-6.051165,-5.002143,blues
-95.46325,101.38038,-20.697004,48.66807,-30.27181,20.812763,-18.313583,14.14687,-12.79889,13.44428,-14.0782,7.732656,-19.232273,2.8622491,-9.816176,6.9179144,-11.309344,8.943026,-2.960888,-0.9738647,-2.6725333,-1.824529,-5.1295304,0.07530618,0.12078276,-1.5006582,-3.6917214,-5.858888,-1.5177273,-7.1961045,-2.6018217,-4.5462923,-2.3803258,-1.3554199,0.6431287,1.0757715,-0.43235147,-3.4523842,-5.538916,-5.0666533,blues
-113.19473,88.70587,-8.925187,49.482693,-34.573833,15.864125,-17.744791,14.71054,-11.202001,15.367768,-15.07657,8.747663,-18.63179,5.4699717,-9.263917,8.01712,-9.552175,5.8719983,-4.401514,3.614706,-4.883487,-0.19972286,-6.3449955,1.7532963,-2.538562,-3.5511727,-2.4416497,-0.36921993,-1.505883,-6.1900134,-0.5096985,1.6519061,-6.2427087,-3.8458426,-6.791209,-4.910026,-2.638017,-3.1542454,7.5789366,2.3115814,blues
-121.42954,96.12303,-19.616804,48.020565,-38.80819,24.758066,-32.945824,8.104195,-17.81152,6.1132855,-19.998335,6.7939243,-19.340662,-0.10921188,-12.248765,-4.9202304,-10.407991,-2.0489688,-1.765213,-3.9528494,-4.609216,-8.909391,-7.4973545,1.7577341,-0.70939136,-3.7362053,-2.868427,-3.2505238,3.5970652,-4.6479516,-0.67237926,-6.964726,1.0164437,-1.0613474,0.17894548,-0.44829,0.5235006,1.4052572,-2.6576958,0.065200284,blues
-133.0444,105.72737,-22.146265,41.81865,-26.996668,19.124525,-26.56932,19.24604,-15.334524,6.9896555,-10.818551,6.7937427,-11.729829,4.40094,-6.044507,1.9662838,-12.326304,3.2550435,-8.811427,-3.3753583,-2.259945,-4.453049,-4.0276895,-7.603407,-0.28815162,-2.7241817,2.9284654,0.3290863,0.13496375,-3.3819296,-0.6779522,-4.503538,-4.55882,-6.728154,-4.4683156,-6.393889,-2.568501,-0.56189746,1.3196089,-1.9578222,blues
-89.391495,93.78779,-14.57109,54.391533,-33.51502,19.421158,-19.763674,13.022463,-13.869494,14.611718,-14.970264,10.589298,-18.023413,6.658279,-10.205867,6.52936,-10.848846,3.3216321,-6.18753,2.9994206,-4.6962333,-1.6413394,-8.338877,1.7055302,-1.5616791,-2.8382208,-4.682485,0.9078694,-1.6937162,-6.3441067,1.3395689,-2.801779,-5.838857,-5.790893,-6.526978,-3.3272157,-3.836071,1.2606158,4.489343,1.4954251,blues
-118.68192,87.62362,6.558794,45.09805,-38.915707,20.813005,-26.863337,13.798009,-17.23861,5.1101575,-15.709853,3.981842,-27.549044,3.04777,-15.956566,10.867772,-12.65191,2.8237092,-13.335965,-4.3752894,-3.2194529,-1.4104849,-9.466898,6.4567895,-3.5857449,0.002034267,-5.097826,-1.9225307,1.6941016,-4.1990485,4.4838476,-3.634809,-4.534031,2.0916393,0.258122,-3.0641897,-6.398475,-1.8242098,-4.4880657,-10.911452,blues
-30.129288,103.7448,-19.76573,56.411625,-12.72487,20.194227,-17.348097,16.309156,-18.444427,8.932052,-11.661623,11.210426,-8.851257,9.101229,-3.5740457,4.384886,-2.8308275,4.7261167,0.4824234,1.4773945,-0.76549304,6.0942316,-2.0098195,4.135743,1.0364815,-1.81326,-0.7258606,-2.5256648,-0.30221614,0.95105857,-1.2717395,0.817123,-1.7590487,0.41854537,1.5461301,-2.7271285,-0.98001885,-0.6952352,0.77869475,-5.5829945,blues
-56.032894,87.840675,-1.6012412,41.205364,-5.620272,27.784927,-24.002584,21.768122,-18.42899,12.328123,-13.717034,11.850821,-3.9822721,7.09853,-4.468587,5.122545,-6.652361,5.871457,-3.6964025,-1.9647617,-6.1451464,2.9460554,-2.619877,1.3128662,-0.32909617,-1.7489417,-3.0896683,-3.0451953,-2.242893,1.9863019,-2.125131,0.5229195,-0.083786435,-0.46546364,-0.12781806,-1.3821579,0.787143,0.40982595,-2.5763965,-7.642476,blues
-86.33549,92.7005,-15.399187,54.052013,0.8667875,31.560293,-14.622711,23.325447,-14.978637,15.339354,-7.0493617,12.182225,-6.1109123,7.021336,-5.8126974,7.440921,-6.0741916,3.3776991,-4.2786126,1.2500927,-2.4599047,2.6622274,-4.184247,-1.1607558,-0.10581762,0.8219788,1.73072,0.12870912,-3.1283865,-1.3804085,-1.5158538,1.5361025,1.801319,0.61884767,-2.9258552,-6.534778,0.3234039,-1.3639961,0.9645095,-3.796275,blues
-52.701164,74.455414,-18.715458,56.307217,-3.9593265,31.987156,-16.45779,22.41769,-12.26203,27.228352,-9.233885,7.8071027,-10.567175,6.944951,-9.136492,13.022678,-9.85732,3.6924515,-4.954326,4.4225,1.0173215,7.3394947,-6.427201,-0.6662664,2.1653955,-0.14463718,-4.6730847,-3.295002,-3.9344532,3.8313704,1.1198695,0.5744835,-8.940014,-0.021398302,-1.6470588,-1.1829108,0.57394665,-4.589812,-1.1348853,-3.5704598,blues
-29.039146,104.53732,-30.978956,38.15443,-7.991592,30.89167,-20.596235,25.83078,-12.959671,16.941612,-12.263682,10.786708,-10.564546,6.8762565,-10.298928,6.96821,-10.256611,0.7044424,-6.0065007,1.3486158,-3.8912113,1.5544183,-5.8711033,-1.4135525,-0.4445831,-3.6927502,-0.7075471,-1.2990066,-4.2841296,-2.3405473,-2.7426972,0.9524781,0.43740338,-2.5023808,-1.9531511,-4.0032353,-2.3156269,-3.9168386,1.2646697,-1.1488376,blues
-2.5510163,101.25788,-33.92729,41.518402,-13.815158,31.920723,-21.8686,24.458948,-15.881364,15.794475,-14.372411,12.507441,-13.373969,6.1127505,-9.06967,5.0332956,-11.333126,3.1684957,-4.5717015,-4.033881,-6.0212836,0.86576915,-0.59356123,5.5264482,2.5037053,-0.9462661,-3.6474829,-5.4488497,-2.0579648,0.38600165,-3.181412,-1.4265851,0.055209883,-0.6109289,0.8537696,-3.3061683,0.8948926,-3.815066,-6.051024,-10.027972,blues
-3.5590715,92.92779,-25.118546,45.18721,-10.871894,31.862423,-18.057922,28.628012,-10.234054,14.673487,-14.906988,14.751648,-15.609783,9.549894,-14.798728,2.0748365,-13.824648,3.5714698,-5.9716425,-1.6474386,-5.835134,3.5978308,-5.36163,0.57222563,-1.5049882,-3.46618,-3.5543609,-4.0808883,-1.6188868,0.7031041,-6.321312,-0.611497,-1.9962468,-0.11787873,0.9964833,-3.7469978,-1.4647349,-1.0549963,0.1576061,-7.323587,blues
-54.747242,119.48588,-34.86474,37.537148,-15.886235,22.081097,-14.668315,18.534313,-9.643759,11.258854,-11.732052,11.539119,-6.4307184,1.7856675,-5.876253,0.3802911,-9.063585,-2.0153258,-5.4169693,0.028836064,-1.5042777,-0.37374917,-0.32478258,0.18888387,0.54647064,-4.3331885,-1.0152011,-0.90439117,-1.6406802,-5.6810927,-4.464193,-4.8008165,2.5428429,-1.5994573,-2.4099448,-3.9849427,-1.746294,-4.0456243,-3.2235048,-5.370514,blues
-26.955238,107.34024,-46.812206,40.932655,-21.469862,24.816854,-18.947702,15.260987,-15.0442505,12.270949,-15.239539,14.331287,-13.830045,7.565649,-6.1833706,0.33221087,-6.835121,0.97067875,-7.571379,2.9214709,-3.8944407,-3.8494918,-3.3093247,0.57815903,-0.2535048,-4.455078,-3.0893185,1.54567,2.0789282,-0.7490592,-0.69769776,-10.076461,-3.7525227,-1.1589327,1.3558593,1.6772952,1.8996342,-5.395858,-6.478069,-2.3352742,blues
-29.400257,108.69147,-25.5899,38.440144,-18.353867,21.7857,-25.172712,22.406967,-17.606058,14.675621,-12.086358,5.462191,-7.70603,7.410018,-11.327915,7.2359223,-9.470523,1.9366981,-6.331344,-1.301733,-6.593304,4.84951,0.22700933,-0.5585411,-0.66167724,-1.1548578,-1.3959992,0.80782324,-2.8606176,-7.2519336,1.2712233,0.7983132,-0.27249402,-3.8122869,-3.7216647,-3.9522429,-2.2475371,-1.8960898,1.3276224,-4.211008,blues
-19.893549,98.89588,-24.47666,49.585854,-16.200876,30.19781,-18.029512,27.554832,-11.405636,14.877994,-8.908682,11.671265,-10.886021,9.310545,-5.8320613,9.2586565,-4.0494967,3.251027,-3.4661639,2.3792584,2.195349,1.7427549,-3.1207135,-4.933648,-2.3653169,-0.012950625,1.5727457,-2.5365322,-2.4815993,-1.1001664,4.777228,-1.0903327,-3.7279143,-5.2040157,-0.30155557,-0.73953694,0.9173371,-2.5612783,-0.25505102,3.546058,blues
-38.994843,112.03825,-31.817709,38.240677,-6.320669,23.330563,-18.778877,23.932186,-10.934216,13.2348585,-14.38119,13.326929,-10.922001,9.794659,-5.0327086,7.2013955,-6.7550354,2.6630874,-4.382442,0.41451114,-2.2249384,-0.14817433,-2.8123128,1.2483788,0.29965645,-4.748472,-1.0306054,-0.1927001,3.0564573,-1.1061661,-4.6118283,-0.059256773,1.1426077,0.76706535,0.825904,-3.4750144,-2.2477033,-1.4206716,0.3886748,-7.4172354,blues
-180.14874,131.41078,0.5733359,43.165672,14.135558,25.621374,-5.315874,12.034328,-13.538714,-1.0941217,-7.614391,2.7180743,0.77427197,1.9981467,-6.0900593,3.488055,-8.33755,3.2056518,-0.9303994,-2.2530375,-4.902693,-5.234751,-3.5678477,-4.342048,3.5514646,-3.5202727,-2.5397658,-1.2134315,-0.8154581,-0.5796549,-2.0901868,-6.0334134,-3.513517,-0.10292223,1.0436695,0.099280864,1.4989132,-4.863823,-8.331697,-6.151543,blues
-212.8154,139.06923,9.454342,35.44627,12.709545,20.417665,-5.5739527,10.893662,-8.731712,8.055455,0.163797,2.6417468,-1.0257349,-1.4032179,-4.7048326,1.1418111,-9.476274,-2.190912,-4.0981097,-3.3432798,-3.9324872,-3.344031,-4.183478,-3.825785,-0.14086522,-4.6390996,-2.8242474,-2.6091933,-3.0466259,-1.2647554,-1.0661536,-0.7999434,-1.381707,-4.5492043,-0.49406657,0.47786945,0.467781,-1.6537247,-1.5870539,-2.62284,blues
-155.51651,125.655754,1.5753219,45.82987,0.9089945,25.391241,-10.813493,15.574147,-11.929206,1.2717782,-6.6615033,-0.7791248,-7.7492247,0.41930738,-7.0296316,4.0091085,-6.2660284,0.951334,2.0064611,-5.7357626,0.74646485,-3.2399251,-4.032606,-5.058786,-3.2350485,-6.3621545,-3.7153125,-4.9658976,-2.8267686,-3.2072048,1.2810335,-1.7289572,-1.8093923,-1.154026,-3.2127545,-1.9959904,-2.674197,-2.5849597,-0.39989385,-3.795319,blues
-194.27951,151.85118,-1.1928879,39.194595,16.582485,18.252386,-1.399161,14.87771,-11.616781,2.4488766,-5.0791736,3.9416006,-0.9037845,0.6356108,-8.3534155,-7.5132484,-8.047445,-5.4091463,-2.5346594,0.12955071,-2.8140547,-5.2526765,-1.1235646,-0.92269814,-0.20161285,-3.9839501,-1.4088037,-2.406617,-3.0464382,0.38298962,-2.5209386,-9.289347,-4.440928,-1.3947859,1.9141139,-0.8194128,-2.5308332,-3.7304094,-5.426391,-7.913504,blues
-346.88687,139.24796,24.084862,22.264015,18.647842,11.657903,9.017678,6.977828,-2.0233011,5.420398,1.6508169,-2.3530064,3.193639,0.7052996,-3.092132,-2.1101782,-2.212081,-4.5766625,-4.726689,0.059275247,-4.4688473,-6.593693,-5.239403,-5.0403824,-0.44733298,-1.1153024,-3.4477713,-3.9167473,-4.781785,-5.0288033,-5.662896,-6.0355706,-3.0339775,-2.7569892,-3.3286018,-2.023314,-3.9774776,-7.0955367,-5.1706014,-5.74253,blues
-177.48735,115.33375,9.963015,54.056217,7.6156197,28.31573,-9.070212,20.05844,-15.0455475,6.222492,-5.688931,1.3798959,-5.843507,5.0113225,-0.75529695,5.057277,-5.084398,-2.7971687,2.4293883,-5.3729057,-1.6767246,-0.53802305,-3.6186402,-6.597163,-5.2964168,-3.719022,-6.6492357,-3.3964224,-3.2133977,-4.056565,-4.605239,-3.1472175,-2.002168,-2.511896,-0.5691102,-1.4231317,0.663012,-3.5024433,-0.053817086,-3.3505394,blues
-236.38347,161.695,-1.1533349,27.288706,9.581352,20.619047,0.23412775,13.796686,-0.50091964,10.18543,-4.454619,5.5080886,-3.716722,-0.89152694,-4.904812,-2.8723426,-3.7585263,-3.3457856,-2.416106,-3.7838302,-1.409345,-0.37062702,-2.558112,-4.6776013,-4.39635,-5.3968024,-4.3557734,-3.8899868,-3.813488,-4.343944,-6.0617757,-7.4764886,-0.51748765,-1.1565449,-4.335945,-4.22394,-4.3605876,-5.251651,-3.6567357,-4.027009,blues
-332.30798,128.08076,28.825216,41.83606,31.234665,23.35822,5.787223,8.996202,-3.8611271,3.739,-0.86905843,-0.43693075,1.4746557,-1.567048,-0.83146906,2.168971,-3.891913,-4.1972795,-5.932183,-3.4474347,-2.0808673,-1.4672399,-4.1928573,-6.7015915,0.6620341,-2.6165073,-2.8914754,-2.299922,-1.4357791,-1.4528493,-4.2793093,-6.001389,-4.878567,-5.1499333,-4.4796505,-1.5298365,1.284509,-0.6827163,-1.9557315,-0.70572114,blues
-350.3589,169.54633,31.780231,16.713755,28.661758,19.24909,7.8467,10.039796,4.742695,2.915623,3.8965418,1.8103498,-5.970981,-5.258748,-0.22888231,-1.7753276,-3.7088397,0.17516905,2.0766783,-2.892004,-3.7142465,0.465858,-0.748013,-3.4358072,-4.2008686,-8.209533,-8.234818,-3.2921562,0.62365365,1.1181301,-5.2272854,-5.3432074,0.6529694,-1.6278502,-2.9473546,-0.2652567,-2.1761599,-2.72962,0.46281353,-0.98331016,blues
-206.28116,126.62033,10.590663,43.215717,12.4949,19.41366,0.3519681,12.730944,-4.57929,4.0580115,-4.4092126,3.663423,-1.4560473,-1.7015555,-7.1546535,1.1864166,-6.2258005,0.6012726,-1.6042645,-0.5392202,-0.8862591,-6.5248184,-11.077631,-7.6341925,3.1299925,-2.0244,-2.8698857,-2.8840191,-2.5431824,-4.1076922,-3.8787692,-4.8832574,-5.7772775,-3.9779177,-0.05893561,-1.8740386,-2.7377295,-0.2046066,-0.14762898,-6.405541,blues
-130.58153,139.9749,-1.2707361,39.31042,-6.3536654,19.767845,-11.213425,27.243687,-16.53454,7.0218787,-1.2004069,1.6136363,-6.6290407,4.952462,-1.633869,0.9539638,-4.84161,-5.970589,-2.78672,-6.4928164,-0.7878602,1.1476465,-3.931709,-5.7693195,-3.4421303,-3.4035313,-6.2841454,-4.5089364,-2.6339426,-4.380695,-2.8876703,-5.2291803,-5.159026,-4.4128995,-0.11495213,1.7130696,2.7420418,-0.41407752,-1.1923918,-7.91477,blues
-314.58218,139.91444,11.862516,30.102106,-7.5390353,14.907039,-2.6808991,6.701544,-6.3955092,2.8176138,-11.706482,2.063028,-11.438629,-9.510527,-15.186691,-9.362389,-5.6654944,1.5621169,0.8971251,-7.9567266,-0.7352606,-0.644767,-2.8895662,-7.7056584,-1.5223546,-3.4632006,-4.7301564,-3.2352464,-3.9772873,-5.627312,-8.977239,-6.666133,-2.9739454,-1.3017048,-0.17938818,-3.209967,-5.6892467,-4.9290996,-0.9040761,0.09483649,blues
-148.6477,145.73776,-9.363346,48.451443,10.543868,18.014603,-2.634578,16.958082,-11.506824,8.731703,-8.173254,3.2235358,-0.67975885,-0.7301853,-6.8214393,-3.9379203,-15.737845,-5.5963683,-5.797906,-0.047467683,-0.69984704,-0.21396564,-2.4934683,-1.9180659,1.339072,-2.7906244,1.8464266,-0.47742563,-3.0626686,-3.500087,-5.1950016,-8.711433,-3.0089726,-3.2316475,-1.1165459,-3.6071682,-3.1604633,-3.1390152,-2.0362053,-5.200979,blues
-90.70722,100.10758,-23.924427,52.588303,-20.928015,31.502182,-11.213113,20.094328,-10.915236,17.563923,-14.097336,12.994508,-11.420426,2.911845,-12.017497,4.827647,-11.165411,1.1622108,-3.9213324,3.2532022,-2.5380793,-1.3003564,-5.8227477,-2.6807668,-3.744251,-3.011157,-1.4032667,-0.61584145,0.78608304,-4.6999254,-2.7263253,-1.8133845,-1.0846076,-1.1396022,-2.119511,-5.0772104,-1.8742878,-0.951834,-1.5249553,-4.716226,blues
-177.19162,136.2142,-26.910713,36.372784,-18.759426,20.905872,-1.7765749,3.0159326,-5.5994096,5.6345954,-8.114803,5.645384,-10.786549,-2.4161382,-6.942407,-2.508999,-5.207821,-3.4113264,-3.249949,-2.684024,1.0611902,-1.6103035,-0.44276357,-2.0527518,-1.0907018,-3.9079247,-1.4569927,-0.8631432,2.4046347,-0.19048534,-1.1091524,-2.5971646,-4.4850326,-2.7883146,-0.83151823,-4.0330987,-1.8294232,-0.7126239,-1.3959494,-4.068292,blues
-268.18002,135.68788,-34.07107,25.634857,-12.970324,17.894695,-9.997608,5.629224,-14.146461,7.497626,-3.9705248,8.258684,-1.3527374,-0.3773991,1.0275254,3.8083541,-0.30203083,1.7795614,0.8909794,-0.8330714,-2.301403,0.17312141,4.2167687,0.6906388,-1.0909204,-3.47275,3.251333,-4.133371,-1.1389483,2.376991,3.7816668,-3.886552,-3.3189375,-1.2586796,4.1101136,0.594114,-1.8183104,-1.0221747,-1.4641849,-3.8360105,classical
-324.09198,133.59413,-25.021385,24.567686,-11.9398365,17.660225,-5.5225825,1.7202383,-10.571336,-0.8508675,-7.797244,3.5256078,5.046798,1.3635533,3.0031667,-3.1203187,-4.2890625,0.58901495,2.868589,0.3691809,-1.2095658,0.7717298,2.202131,1.0375468,5.325742,2.5214386,3.4094646,-1.231154,6.674513,11.371762,-1.0059499,-11.733043,-6.217781,4.239803,7.0209203,5.0680976,2.5149777,-5.4264965,-6.171375,0.77513057,classical
-235.30643,141.13675,-34.679047,30.99717,-16.400242,23.120686,-11.043703,7.6586432,-19.017239,4.236546,-11.835344,8.918064,-1.442469,4.288449,1.4757489,3.1938703,-1.3142381,2.931815,-1.6683866,-2.8998585,-3.5499635,0.8111563,2.9984715,0.37009442,1.3143064,-2.9371462,3.660335,-0.87929946,-0.21752608,-3.3073938,1.6328958,-1.6830962,-1.2306758,-3.1310282,0.34020585,-1.7946739,-2.7040532,-6.0324984,-4.188431,1.0277735,classical
-326.89987,127.39418,-30.584469,37.475746,-5.291166,20.80699,-1.7857137,-4.6031647,-4.048745,5.2380347,-0.64287156,2.8008628,7.245895,3.9837854,-2.390974,1.4819995,0.5834611,-0.60632175,2.334065,2.65221,4.556864,-0.29966655,-1.5916984,0.16964637,1.1895958,-0.041591644,2.1003842,0.35753354,1.0280895,-2.6847355,-6.666234,-2.4464214,2.0981548,0.23589228,0.12932712,1.4492711,-2.9331157,-3.1402748,4.9197035,-0.40616798,classical
-259.96228,118.93237,-35.606533,31.990017,-16.535492,10.620698,-15.65591,7.4423375,-5.810465,8.268948,-18.018595,-1.1994922,-6.346673,2.766038,-2.5898237,4.387975,-4.136651,-4.7818193,-4.776668,-4.610077,6.5784154,4.763123,3.6904922,0.38507938,3.2863822,4.2884665,9.102639,6.108306,3.963134,-5.2642097,2.304479,8.140018,3.544039,-2.4985273,-1.9719267,-2.7163785,-1.5869904,-2.8187032,2.3041067,4.2137647,classical
-264.2774,138.15092,-30.101551,37.82423,-7.1801786,6.7829347,-11.8189,4.712041,-9.843633,5.8637476,-9.573777,2.6703959,-4.796442,-1.403382,-2.0961947,2.9775221,3.3557787,4.811315,1.7625698,-1.8270731,0.03638215,2.92536,3.5796103,0.048732746,-1.2263852,-2.572672,-0.61799526,-2.2240467,0.8880068,-3.083752,-1.3542786,0.8048131,6.8008842,1.3371164,1.1407353,-0.7737649,-4.0841928,-4.6711726,1.1024356,1.2331142,classical
-295.74353,134.53833,-22.449306,40.759247,-5.8759804,9.276347,-11.875942,6.2949286,-8.866931,4.406289,-9.378154,4.06138,1.625683,5.1374664,5.440424,2.281029,-1.8154349,-2.9235117,0.13862072,3.1956718,3.6338532,-3.3419802,-2.837943,-0.024172284,3.4314728,-1.0708379,3.2683203,4.7057953,3.1990063,-7.076868,-7.5239854,0.48274577,3.9545717,-2.2673693,0.5242575,0.5657089,-1.7883646,-1.3368728,5.1602793,8.504407,classical
-286.86823,135.91835,-24.436617,36.66117,-6.2452145,6.9629345,-8.168272,3.8440666,-4.3983455,6.4327865,-4.1305766,1.5490413,-4.3528376,-3.0135415,-0.0057284706,5.6492386,3.429659,2.8336725,1.0971845,-0.29091462,2.2135756,3.8761911,4.955414,-0.025823599,-1.1766413,-5.437211,-3.1268945,-4.157489,2.9228995,4.5144925,0.8352068,-0.20035173,1.2817745,0.11229817,1.8255098,-0.26020986,-1.2164327,-5.8125153,-6.6471653,-0.9921839,classical
-292.15292,127.763664,-29.909025,37.442085,-9.556902,5.1130486,-13.823927,7.0317283,-7.032632,6.492003,-9.904401,4.7136636,0.37483174,1.4678972,3.3925846,6.0727816,0.9615314,-0.7544362,-2.097945,0.75958514,1.557604,-2.3567529,-0.2476475,-2.0652335,1.1014252,0.7302872,3.9048762,0.47027618,2.1433308,1.6066164,4.4193883,2.713712,-1.0742637,-4.12585,-2.2787907,-2.751061,-1.9682379,0.2024589,2.1987176,-1.2242684,classical
-356.14395,139.79286,-6.286765,43.188293,-8.879337,11.050314,-8.39305,4.41852,-8.283711,8.682832,-8.135775,3.427108,-1.4406312,-0.4118334,-1.7198923,-0.29489473,-0.6548905,1.1565771,-0.62207055,-0.25813487,1.661799,1.6868861,3.7637389,2.5695944,4.3178506,-1.5783479,-2.7862618,-2.327313,5.7238846,1.8469428,-2.2738943,-0.56251127,3.3983276,-0.5113596,0.5816841,-0.9807518,-1.8963416,-1.2597017,2.7608356,-4.4280233,classical
-315.04453,128.73926,-28.93491,30.839514,-8.996638,7.9901075,-9.846989,1.441412,-8.973623,6.049842,-3.320935,7.609508,3.7989612,2.9383373,1.8396778,5.2037983,1.0788434,0.14129534,-4.532043,-2.3126302,4.418482,7.8856664,7.7803416,-0.57947534,-1.4506528,-1.0669442,2.5947816,-3.890732,2.8202493,8.388428,2.9769871,-4.4659634,-4.2315793,-3.7450593,-1.8135124,-1.9931525,-0.74300486,-0.596386,0.41842636,-0.49803734,classical
-385.26587,177.27786,-9.337663,24.373219,5.805441,-4.563062,-6.356949,-6.9578943,-4.1274276,3.8580673,-0.358202,-0.94612193,-3.6705594,-2.0986044,3.6447043,0.73262924,-1.2266605,-0.745925,2.7860498,1.5408987,-2.2815201,-5.190462,-1.6542865,1.8502368,5.1971917,7.628114,6.0552387,4.6357536,2.8063188,-4.8427615,-6.1098557,2.1595047,0.010235388,-5.2825494,-3.807568,-2.064992,1.0319481,-0.2343149,-2.1971102,4.181722,classical
-362.71387,143.93861,-18.981813,30.657846,1.0281466,0.2848452,-7.9897437,-3.8509774,-8.94467,3.2497702,-4.4546375,3.649625,4.933547,3.2838123,6.3606005,6.0672398,3.850726,-0.24739736,1.1675683,1.7840002,7.773777,-0.56473815,-4.2109065,-4.384848,0.5906711,5.0187583,6.6044664,6.3716955,1.5601854,-3.0097427,2.9243212,7.2227144,0.8186334,-3.8097537,-7.1623197,-4.4795184,0.57157516,2.7447615,6.384754,8.0129175,classical
-343.13556,140.08688,-20.911034,32.33219,-3.6868107,2.9435575,-10.66953,0.3191031,-5.7843456,7.688079,-3.677107,2.553818,-3.4980676,-2.2409534,-0.8364205,0.87891966,0.47355613,0.94556564,1.869418,-0.63902664,-1.5913521,-4.917103,1.0972196,2.397231,1.3096738,1.5183748,2.2730186,0.27137288,1.1093117,-2.2426553,-4.7095804,-5.7542877,-1.7810194,3.6563096,2.1610641,0.732258,3.8808568,0.052030414,-4.4165487,-2.302354,classical
-324.6391,147.82701,-31.937817,27.408855,-4.508828,-4.165105,-12.588299,-5.118296,-7.741826,0.8432946,-8.195583,-0.822447,1.0045002,3.6744754,6.201359,4.7141476,-0.04455302,-2.3374503,2.2290115,-0.5509062,-2.949912,-6.029824,2.1679893,6.84011,7.662418,7.002873,4.450247,4.090997,5.5445147,-0.9023757,-6.977598,-3.9179873,0.06012388,1.8953012,1.1740636,0.23988503,-1.8860942,-3.7315927,-0.18034661,0.46684316,classical
-449.51437,124.97361,-19.919233,27.45221,-5.775594,2.2272975,-6.5527916,10.601105,3.3547382,14.393793,1.9887378,5.250284,4.4267945,5.0727916,7.1730843,6.192043,7.1587806,3.852237,2.6193507,4.9503307,13.268378,7.026492,5.380807,0.9504232,-0.16437978,1.0804644,2.857675,5.8337593,9.226124,2.502582,-6.713469,0.020949041,7.3865027,6.3743453,2.4789827,-2.5942614,-2.6558778,1.6213566,1.9680574,-2.1637435,classical
-482.67636,154.86115,-5.025982,29.73767,-1.8687444,8.223097,-4.7659545,9.646516,-3.3353899,4.5322237,-10.103474,-0.6667129,-2.4448435,-0.16459122,1.8707217,3.4802008,3.3868613,1.1131743,1.2773035,-0.6721353,-5.9733515,-8.800903,2.885205,5.243143,7.3238773,5.975862,4.2178364,0.98060423,3.5121753,1.6580358,-4.267568,-4.122663,-0.49613914,2.0519376,2.287163,-1.3915863,-2.9353917,-5.049293,-0.68062,-1.0899181,classical
-311.51123,148.66138,-33.509113,10.361734,-12.907805,1.2325778,-12.908661,0.804573,-9.738699,2.0689797,-5.106063,6.744293,4.615777,3.765486,1.271204,1.2486948,-0.08448588,1.4975204,0.37977082,-2.9951375,0.6653099,1.9758153,4.3887076,0.40238228,0.61633337,-1.2269522,0.62189937,1.9302233,-1.9365907,-3.7075784,5.0541053,6.16493,-0.14888988,-3.250839,-5.2385697,-6.030935,-1.0736961,3.4248614,4.049576,1.2836759,classical
-405.6831,145.69487,-0.82672554,23.067648,9.225309,-2.6439388,-5.7504725,-2.0919251,-0.6470632,6.759229,2.8076077,2.446449,5.0846725,2.3814898,1.864076,2.5028796,1.5279222,-2.2602878,-1.447285,2.6102087,4.398657,-1.3384885,-4.6342163,-5.8567786,-3.7440016,0.08695058,0.33335593,2.6058154,4.6007357,-2.3436196,1.1406777,11.228437,3.5407262,-3.8480573,-4.0143433,0.4016065,5.493139,-0.49529907,-3.0137255,5.054553,classical
-475.86765,141.53087,-8.475216,33.992065,0.5255779,6.034853,0.02793133,9.537156,2.1625168,7.0820975,-8.048426,-0.10827344,0.78827393,3.8774939,5.3098736,4.664308,6.8744106,5.3992834,1.0468252,-6.4937115,1.0814015,6.198733,11.837688,8.613341,3.8917987,-1.0068302,-1.1746583,0.41285285,4.5994554,1.6425184,-6.211586,-4.0058775,4.359889,8.391835,4.2912865,0.17540044,-3.588328,-1.3075573,-0.79680026,-5.600044,classical
-300.9405,161.08626,-24.240719,27.966187,-2.8622553,2.3875618,-11.273426,0.22528113,-6.841877,6.0946074,-8.138311,-1.8053256,-4.110151,-2.0455983,-1.6021351,0.6482639,1.4507604,-0.22119519,-1.2912163,-7.10176,-2.0172548,2.565723,6.1134896,-1.3238788,-3.646777,-0.14444579,-1.9419956,-4.6442823,2.7441585,5.344084,1.5848304,-2.235696,-2.9760458,-1.4279944,0.028692381,-1.5860163,-2.087704,-4.226975,-4.764114,-0.19603486,classical
-278.22952,147.87563,-31.567955,20.35228,-9.5826435,-6.244679,-13.601204,-0.66615546,-7.274476,1.0198699,-11.758481,-0.9619851,-2.2164092,-0.5725285,1.8691946,5.1443834,2.624588,0.82450193,-1.6428111,-0.10273454,7.9184313,5.6547995,1.1665801,-1.2215109,1.172594,1.6032275,1.363424,0.7196795,1.4211175,3.5485425,4.541698,-1.048926,-3.347642,-3.8242009,-3.1998136,-2.0731351,0.11833756,1.951157,2.6945033,2.8472934,classical
-278.78244,160.01924,-28.398985,23.062634,-2.6952755,3.0099838,-11.293977,-0.50866944,-11.364047,3.1734755,-5.1071954,4.339189,-4.070891,-0.15333009,-1.6684713,1.6420279,1.0030911,-0.7636376,-3.8361166,-3.5538938,4.4674783,4.4864354,1.1287733,-4.658248,-4.3526106,-2.9839041,-0.268447,-2.2376823,-1.3710923,-0.18660374,5.1194863,-0.9224232,-4.7162843,-7.0944686,-5.0456095,-2.5924551,-1.1718518,2.5367205,3.3011606,-1.3150492,classical
-406.96542,163.13947,-2.4138153,32.456657,7.907838,9.677142,-5.489042,9.523497,-3.1028214,10.209687,-10.385391,-5.3867087,-8.080065,-2.0578997,0.3721494,3.411156,3.4882953,7.39557,6.4349704,0.18093638,4.684375,4.614395,5.758789,-0.116112486,0.8625677,0.4796588,0.030569166,-3.9157083,0.93129367,-0.10678176,-5.1036963,0.83938473,7.028937,-0.827318,-1.4143738,-0.29267818,-4.2889295,-4.2387247,-3.3770015,-0.336388,classical
-223.17725,163.24623,-34.416225,24.187868,-10.304306,3.2287347,-12.884593,0.8050692,-14.284255,1.6726216,-10.143485,0.24415682,-4.545105,0.10906288,-2.8684523,1.3458036,-0.3440429,-1.0627354,-1.0944879,-8.057165,-5.5300503,-1.5886722,1.4173877,-1.2322637,-0.542126,-3.7784374,-3.3215172,-6.9854565,-1.7841691,2.2677977,-1.15305,-6.0748982,-1.9719703,-2.6049645,0.25424728,-0.15730876,-2.4715562,-3.030225,-2.69347,-5.688321,classical
-221.28348,173.33664,-37.456543,24.362452,-8.687614,3.3857918,-12.841176,1.0815359,-15.328135,0.42323732,-9.623609,2.2928092,-4.4855638,0.36257768,-1.486627,1.8132918,0.22892393,-0.9652815,-0.48393935,-6.2636604,-2.6758506,-3.5949495,-1.0334892,-3.6814125,-1.8807541,-3.4996731,-1.9372052,-5.564479,-0.52177805,1.7582469,-1.9938636,-4.7497325,-1.2070429,-0.9222401,1.3375428,-0.11248288,-1.6496482,-3.1306665,-0.22286293,-0.08564139,classical
-319.33237,143.66473,-31.164366,10.908864,-5.5538907,-4.265031,-8.952559,-5.58349,-8.020538,2.3426132,-4.477271,-0.31978709,0.97486144,1.1464473,-0.48819205,-1.3061252,0.13897365,1.4960656,3.7090788,3.0729024,1.9556907,-1.6500037,1.3583567,4.193998,3.915262,3.5217943,2.7802968,3.3310971,4.857383,-2.4362903,-6.672101,-1.3441483,3.107036,4.1566477,2.8362112,0.90932065,2.033007,-1.5514722,-5.5337114,-0.41930717,classical
-366.25018,181.5994,-5.5262704,27.008371,-4.8321323,4.6107154,-10.5426,0.16762108,-11.139511,3.584806,-10.332784,-1.0784341,-4.5973077,-0.4788572,0.83569163,0.25169605,2.1313152,0.69891196,1.0251925,-3.0680041,-0.82723695,-3.406398,0.13990732,-2.8761783,-1.6621933,-0.53862476,-0.5641386,-1.4437127,-0.70762205,2.0780396,10.071171,10.080537,0.69623655,-5.54822,-7.982791,-6.4864316,-1.5040714,1.4787977,4.634866,3.448505,classical
-228.95734,153.97128,-30.685278,20.8126,-6.08023,1.1724142,-10.788692,-3.8824687,-11.589583,0.8821477,-8.279238,-0.72677463,-3.1044507,-3.4343467,-2.6240342,0.722561,-1.9660416,-2.515881,1.571606,-1.4897676,-5.1573915,-8.000658,-0.791159,0.5994754,1.608194,-0.38497183,-1.4193769,-3.1327753,0.46167985,-1.4637982,-4.19963,-6.35915,-3.2198446,2.1348586,1.7139828,0.47424778,-1.9787061,-2.4485188,-2.784836,-3.3754623,classical
-297.24658,130.27441,-30.589977,27.486969,-7.054992,1.9900564,-11.125771,4.7520857,-8.771535,5.4152317,-5.375333,4.4642715,1.7346498,1.8842244,-1.3122158,1.0872453,-0.9889339,-1.4661268,0.6302653,1.1544709,-0.8459524,-3.6839468,3.7255769,3.4695165,4.4101343,2.8710523,2.4272795,0.29842108,-0.49439347,-4.0062428,-0.6558591,-0.6855616,-1.8370862,-0.19927801,-1.7413718,-2.369684,0.26104924,-3.3565893,-1.1382124,5.1968694,classical
-315.6781,149.66841,-30.594992,23.2215,-8.699832,-10.104396,-15.733574,-4.047281,-7.652163,0.04623177,-11.143897,-7.67045,-5.8706336,-4.864973,-5.148459,-5.414719,-3.1673822,1.4542389,0.13058141,-4.1758366,-3.0635595,-2.3521214,5.293132,0.8517511,3.8985162,8.271586,0.91504794,-2.150408,-0.12790512,2.1368504,2.7139423,-0.2378129,2.0169907,2.9845967,2.0207055,1.3377695,-0.075368784,-1.2202995,2.9038749,4.5613294,classical
-374.0075,172.44232,6.402986,20.150894,5.8518014,1.5909553,-6.710565,-1.1913427,-0.290502,0.33312535,-6.55182,-7.3002505,-7.3283706,-10.215596,-6.1451335,-2.4330475,-2.6743848,-2.2819083,-1.1540519,-3.8159146,-6.4907107,-6.654975,-0.8775158,-0.8868876,-0.17156906,1.0853572,0.41497803,1.6151603,-1.8936933,-3.7877567,-2.1583447,-1.9536446,-0.8731711,-1.6327963,-2.854651,-1.838162,-0.43953976,-2.1370971,-0.363597,4.3524923,classical
-498.60873,177.52312,11.209716,27.63433,-2.8418257,5.090956,-6.604384,-1.0570545,-4.144494,-3.0533733,-9.90994,-8.573808,-9.189356,-11.935739,-9.192497,-10.894249,-8.854793,-3.9375072,-2.3939705,-2.2963572,1.6627126,-4.7318816,-1.1000086,-3.4347267,-2.4096875,2.675911,-2.7205532,-1.8424695,-3.7720695,-3.8348577,0.004796173,-0.91237855,-2.919578,-6.5982804,-5.0092216,-1.4727949,-2.1562119,-3.0342185,0.59539855,3.0961614,classical
-429.10315,120.74544,-1.6823534,17.948559,7.7335906,-2.0437236,-3.9417446,-2.536047,-0.5834436,-0.7965369,-9.051198,-3.689939,-0.9829523,-5.0013146,-3.8112943,-2.411517,-1.8980623,-0.31377107,3.4164839,3.1428826,-0.28021315,-4.9178095,-1.4497437,0.670758,3.612038,5.199646,4.0866785,4.9402275,-4.0638847,-8.9166355,-1.2440134,3.3830752,0.83079994,-2.5718005,-4.369013,-1.7571213,1.0482879,-2.0283766,0.4774495,8.84632,classical
-309.24283,138.64113,-29.713259,33.618786,-0.37825724,5.243738,-6.3323126,3.280733,-6.714091,-0.6922033,-13.243885,-8.528504,-9.668245,-4.2979574,0.25033692,1.0183245,1.9202206,3.7188308,2.5588639,-4.925927,-2.2265413,2.1583772,-2.7122478,-6.8406177,4.493387,1.986675,1.3640795,7.7694473,-1.3750453,-1.7942508,11.8111925,2.6356976,-7.648334,-7.845243,-5.1716247,-4.180671,-1.6566205,-0.7193559,6.2778187,11.393534,classical
-319.78223,165.98755,-11.918573,27.240343,7.8435597,1.7273006,-7.849843,-2.4120853,-2.908876,-2.5311303,-11.365741,-4.6136107,-4.4873595,-7.4551673,-5.5800185,-1.8725945,-1.2823328,-1.4261755,-0.48846737,-4.1007814,-6.9489512,-2.9899988,-0.43656114,-3.556906,1.5598316,2.570057,-2.007327,-0.5339293,-3.8999186,-8.164282,1.3505647,5.6332693,0.3513741,-3.7919328,-2.603855,-2.7819824,-3.26132,-0.3828115,0.5795033,0.8114703,classical
-419.26315,127.44508,-3.7823565,23.200216,-4.3346996,4.030428,-8.209103,-7.6188607,-7.0756884,-2.9239516,-7.409898,-5.437336,-9.099495,-10.619321,-5.7393737,-0.39309835,7.029701,5.593248,-3.4755454,-5.1741652,1.2050489,4.4045725,7.5033793,4.7419934,3.9931195,0.110642,-2.1777303,0.7641764,-1.590581,-2.1843343,-3.6189585,-2.7966957,-0.14009939,-2.0517144,0.8851851,-4.201288,-7.749859,-1.5757139,-4.370005,-8.869304,classical
-275.37598,125.30793,-41.05129,24.60731,-4.7889276,-4.2538486,-15.021034,-5.045092,-5.0018373,2.4730597,-10.894701,-8.017638,-5.1663785,-4.6154666,0.7097463,6.520474,5.9003935,2.6877103,-2.0309052,-8.056194,-5.101944,3.0313132,5.61032,0.9923774,2.3749826,5.278495,1.8823414,1.2947485,-1.5536634,-3.0766323,9.314803,8.877297,-0.46721476,-5.8126698,-3.3455572,-5.597703,-5.8036995,0.10535964,1.8117911,-6.0268636,classical
-276.03903,146.35081,-36.59162,24.200796,-2.5551608,-2.1697466,-13.303985,-6.504971,-9.398983,-3.1274784,-11.537067,-4.1871166,-1.6895956,-1.5234597,-3.192893,-1.764735,-2.24864,-3.538693,-2.989189,-3.294925,-1.4497936,1.8371446,8.290398,6.158856,7.632345,4.37128,0.91836274,3.3554702,2.148202,-0.5854368,3.2213728,3.9242718,-0.8349451,-4.126721,-0.2732934,-0.12313056,-1.8199327,-2.0155175,-5.243885,-3.6119514,classical
-409.53445,116.80004,-16.164232,11.717685,0.7060145,6.006949,-4.2744565,0.49547678,0.4338902,12.597707,-1.1140984,-1.1403233,4.957852,1.7595057,-3.908855,3.5054753,2.7971115,3.102605,0.66038114,-0.23965204,6.0151377,7.168711,6.6734557,1.6807277,2.0169837,0.89176786,5.179182,6.2348003,-0.8330453,-3.2644851,1.3721921,-2.9818048,-2.402862,-0.89862275,0.6945575,-0.5038913,-0.659702,-2.7835557,-6.1832657,3.4684885,classical
-358.65674,129.08748,-30.39764,19.88953,-10.386381,-0.6520449,-10.611144,1.5420539,-3.9753869,1.8689036,-8.833539,-7.1676545,-8.212758,-5.9410625,-0.11584005,4.27639,8.967238,12.802729,14.691521,11.507997,7.783982,0.17573051,1.6214843,0.5111133,7.89903,6.458422,0.3487237,-0.40721598,-4.873764,-0.4085259,4.225333,-1.3553656,-3.3101537,1.5168964,5.4965177,0.9843708,-3.0289485,3.279523,8.85055,0.9995,classical
-368.46594,124.26599,-31.582445,17.601763,2.3229303,-5.949597,-11.807772,-5.547481,-5.407887,-1.3051713,-8.427182,-3.613824,2.2061696,-0.045435287,0.23757197,2.5061412,3.0928502,4.838548,6.225342,8.735003,14.532018,13.133278,11.111322,7.848072,9.821883,6.7579393,-1.1729805,0.6819265,2.1418033,-1.3920846,-1.0043358,1.7793891,-1.0544964,-3.6872585,-2.0478203,-4.871736,-2.3315856,3.3206768,-1.4536833,-0.5573096,classical
-160.33943,164.12074,-48.87504,1.5913547,-7.591044,-2.631471,-11.077547,-7.0276327,-8.120849,1.2311882,-5.4963484,-4.222176,-5.458137,-1.7106261,-3.0879977,-1.289857,-6.0987673,-0.9284121,-4.041814,-1.5555358,-3.808994,3.0614517,-2.7262669,-1.8671217,-1.2378888,1.1005818,-0.07602878,5.2579994,-0.0059507387,-6.089546,0.77883023,11.299951,5.3810353,-2.2651381,-3.9457684,-3.2280357,-3.5898232,0.3371838,3.182714,3.3118863,classical
-249.54944,161.56836,10.129534,-3.0705643,-0.5965179,-2.083659,-12.191772,-8.60149,-14.638914,-12.049384,-12.30034,-7.1745567,-7.891679,-2.0824661,-2.909753,-0.86809963,-3.9725301,-0.884294,-3.9836185,-3.8915737,-2.3820596,5.6000257,3.9774203,0.61391366,-5.241066,-5.698196,-6.4172206,-0.87223095,3.936819,5.734425,0.0467102,-2.4171174,-1.2021288,4.246641,2.7223115,-0.4066204,-1.8294923,-2.910333,-6.6977553,-5.0127673,classical
-402.22232,154.00491,-15.211341,15.294042,-3.0777786,-3.1944375,-9.778082,-17.310207,-12.30656,-7.9146423,-7.0827584,-0.28117216,1.5458187,-1.4655555,-1.7400693,1.8587353,5.0292315,-0.74109703,-0.13983305,-2.8593116,0.107154585,0.75105274,-1.7004738,-1.1046455,0.43083337,1.4740463,1.9762602,0.15575127,2.0624413,1.238995,-4.0063615,1.0804964,3.8054698,3.0606103,0.30705932,0.73338634,-1.0567712,2.1682892,6.902403,-3.3181894,classical
-170.88661,157.03914,-21.966076,5.2446537,-4.092412,-3.6912694,-8.810494,-4.8575964,-7.874582,-5.4110103,-9.373978,-6.623613,-7.811286,-1.4611748,-3.591133,-2.8573444,-3.9215784,0.20077208,-3.4326358,-0.83090174,-1.1642007,1.8804144,0.7657004,-0.7784848,-4.968313,-3.026231,-4.4381804,-1.8641,-0.5704581,-2.3597505,-3.4001987,-0.09844489,-1.9307393,-2.2797468,-4.196497,-3.5996253,-3.4776552,-1.0297964,0.42746076,0.2823957,classical
-85.26499,118.42306,-31.47277,20.282015,-4.4177094,6.9225984,-10.950942,-1.6200851,-7.367901,-3.0172997,-4.437201,-1.4064466,-4.246369,-4.164333,-3.9796493,0.2765607,-3.3924837,1.6937985,-3.6853893,-3.4415329,-9.880924,-0.75327116,-0.3706342,2.0421154,-3.7084644,-6.556677,-3.4509857,-6.4403214,-3.226852,-3.0669184,1.938713,-5.7145534,-1.5012631,-3.6281407,-1.9729253,1.6164725,-1.0267547,-3.5036168,-6.936358,-6.26797,classical
-436.84235,154.1132,-19.859339,20.183603,3.1647444,0.44639224,-6.5306377,-4.6033387,-10.0562525,-6.1532865,-4.529443,-2.7835946,-5.2353196,-7.384834,-6.99331,-3.1899667,-0.35129884,2.2267847,2.5725398,4.4761767,0.06785517,-4.397948,-5.1233764,-2.0770223,2.2278051,2.488394,6.477564,7.7474074,3.9962747,-0.47008058,-1.7998047,-2.961316,-4.229725,-2.3018985,0.5138519,-1.8590912,-4.4004464,-1.9112839,3.6558876,1.3237401,classical
-123.763306,148.43001,-21.551395,17.444748,-1.408804,4.1782947,-6.9904447,-5.1033363,-5.795701,5.0631213,-6.247765,-1.9818283,-0.96844095,-2.4530773,-4.3262076,-0.87545633,-4.7048717,-2.2297258,-5.140935,-3.2070837,-6.290014,-2.7875323,-3.0326242,0.010817619,-3.3644085,-1.6040387,-3.161384,-1.9367427,-1.8439193,1.0600852,0.26041555,-3.331906,-2.0494223,-1.0952332,-0.1458744,-0.90113693,-2.1704721,-2.7087398,-1.0787429,-2.579203,classical
-98.35358,98.3555,-20.49053,18.820034,-2.095781,2.665037,-7.3115172,-3.5901136,-7.989525,-1.9183744,-4.731997,0.6237761,-2.5930848,-1.4701573,-3.1693437,0.6580324,-4.818465,-2.2215443,-3.8104963,0.23409155,-3.702766,-5.1381173,-6.873308,-3.2062984,-2.818215,-1.3133957,-2.4798841,2.6044436,0.11303314,-5.430798,-8.540662,-2.2513027,0.60529757,-1.0366942,-2.5828874,-1.1335064,-1.8318788,0.34856975,-0.5665409,-1.0786905,classical
-449.6218,151.50313,-12.74668,44.27039,6.244759,4.053898,-1.4805396,-1.624076,-2.4867768,-4.282386,-9.653202,-1.342105,0.14638346,3.728251,5.2857785,1.2080818,-2.3039155,-4.1256194,-1.8161486,1.2358323,-1.9173732,-9.738611,-6.673053,0.7154647,5.3360057,4.9948573,1.9866645,2.4526308,-1.0605193,-3.1512606,-2.1120234,-3.7149928,-4.944876,-4.152988,-2.1538568,-1.3451236,-0.62609136,1.8013035,1.2780107,-7.845977,classical
-230.27237,119.15338,-1.0512242,28.384491,10.00878,16.125824,4.793946,6.192378,0.9515957,5.915187,-1.1755238,3.5739164,-2.0996544,-0.90729177,-1.8530504,-0.0061341277,-2.7977016,2.3327787,-1.4417099,2.738794,0.13147691,3.2247057,0.5002927,0.8508688,-2.9656527,-2.2716522,-4.342911,-2.3929088,-3.2994654,-1.5259972,-3.1848414,-2.9487534,-2.2312677,0.26411274,-1.2819136,-0.52018225,-0.20154059,-0.1739955,-2.1011865,-1.7392911,classical
-186.42809,86.65457,-15.711973,14.741795,-2.2158978,6.271489,-0.8879223,0.6650468,-6.0883217,-5.213674,-7.8659334,-1.7187315,-4.7045016,-2.0543664,1.4163773,2.7643514,3.3012955,3.110024,-4.4082932,-5.0353703,0.43929237,0.10967394,-0.38862324,-1.4869705,-0.8951329,-1.4351577,0.6205401,-1.086141,-2.789807,0.62738013,-0.38365623,-1.7819715,-3.1044378,-2.6728868,-2.272456,-1.4773427,-3.7432675,-1.3003153,-0.57050055,-0.43860453,classical
-119.304375,149.57779,-43.31768,24.636248,-5.6093874,10.784379,-2.8926942,0.78330225,-6.5456386,4.388039,-1.2940493,1.3600912,-1.0813607,-2.439028,-1.9371481,1.2953314,-1.3851025,1.0407941,-5.6063004,-1.989935,-4.26946,-1.8367252,-3.2219827,-0.4275905,-3.0985932,-1.6711087,-5.6524067,-7.0863533,-3.6639643,1.4266665,-2.942899,-5.653623,-3.6565394,2.284139,3.7305558,1.2292627,-0.78531146,-1.7459342,-5.5830674,-3.8496919,classical
-106.22088,127.37078,-45.286133,31.277216,4.3054395,-5.068432,-16.129375,14.690696,-7.9120975,-1.2216625,2.9819393,17.464767,-4.0720086,1.7858331,0.59456605,4.6090927,-9.991413,-3.341979,-3.1053746,1.9085141,-4.750023,2.2161803,-2.24045,0.35971305,-4.006108,8.240098,6.1273184,8.673552,-0.7949797,-2.338721,-5.9883494,-2.344847,-3.7407491,1.4319504,-3.817625,-0.87169534,-2.9191597,1.9192299,-2.1647916,-0.3212466,classical
-484.0267,144.12991,1.3964738,8.07553,4.933926,-2.3170042,-2.7469437,-6.8448114,-10.147137,-8.056599,-7.1516695,-10.563926,-7.787432,-2.953303,-0.26718092,4.28538,5.3024387,0.19885693,-4.5307984,-1.8802832,1.4040947,5.9104543,9.659231,4.175449,1.4096564,0.8914625,3.2571936,4.655599,0.8965853,2.0295618,0.40612993,-3.9826694,-1.4742296,1.6373333,-0.73255724,-2.4740496,-6.413594,-3.11572,2.4518578,-5.7749987,classical
-81.13433,129.09853,-42.53483,33.17631,5.6636167,-6.40225,-2.2610986,7.3734436,-18.71801,2.4979706,3.7862802,1.9323547,-10.066779,0.94372183,-3.5698192,-6.166297,-8.030749,3.7742705,-5.029473,-0.85415226,-6.760153,-4.265595,-0.98482376,3.819139,-1.4361078,1.7402251,-4.2774005,-1.043111,3.6380382,-1.9480245,-8.682339,-8.029927,-4.1345444,3.8570337,6.7959266,3.8925123,1.5144703,-5.225875,-11.336482,-7.302167,classical
-367.15607,112.80696,-18.747368,10.16273,-1.6047246,3.8029535,0.9223538,5.067149,-5.3725705,-9.522553,-8.495645,-1.7838284,1.2991319,-3.8675706,-2.6413093,-1.0574461,-1.2753583,-2.50518,-2.569393,-4.0697618,-2.6662314,1.7233351,5.313747,2.883041,0.6974749,-0.3868024,0.5603771,-1.8946068,-1.8101561,0.9164414,5.103676,4.058145,1.8680371,2.5819812,2.4747534,3.7723687,2.278009,0.021274436,-0.3245076,-3.1472452,classical
-349.95245,161.85112,-3.3711882,14.167044,5.7339716,3.5160558,2.9774914,-7.090642,-7.917532,-0.36460078,2.8495579,-2.4810455,-6.7919483,-8.835341,-6.662253,-4.9016824,0.09311981,4.2603326,5.096892,2.610582,0.32018098,-0.6499839,-1.3063419,-3.1593113,-6.0236335,0.12224926,3.8284032,-1.6626645,-5.9064164,-3.3162358,1.5683455,1.6987463,-3.7804706,-9.006005,-4.737319,-2.431963,-4.933019,-4.558554,-0.20122714,3.1568708,classical
-197.15273,137.3531,-34.18893,25.362162,-5.2665977,-2.777788,-9.50693,-7.6099873,-7.6446853,-5.6678395,-4.386777,-5.4302173,-3.5417912,-5.667922,-1.8943717,-2.8863933,-3.475987,-4.0221157,-7.3003592,-4.2040553,-0.7990976,-3.8953476,-5.146334,-3.2844205,-3.7110846,-2.5079145,-2.8113801,-1.4293505,-3.2721624,-5.7504764,-0.054381806,1.4469007,-2.3332233,-4.634142,-3.6906912,-2.5033128,-1.9545137,-6.013273,-1.304899,2.5715778,classical
-166.43155,122.135544,-32.106792,16.685278,-5.4006796,-2.487123,-9.832806,-4.9005094,-6.974422,-4.571057,-6.6684146,-5.497281,-5.3725696,-4.962301,-2.791163,-3.1922195,-4.085201,-3.5495975,-4.6303477,-1.165406,-0.24293792,-3.3307447,-4.3169456,-3.279574,-2.3992176,-1.158187,-1.8736304,-0.32084233,-0.29665145,-4.2265654,-4.8860874,-1.6863598,-1.2202694,-3.5269196,-3.6322377,-2.3880286,-2.3796902,-3.9499428,-3.6599379,-0.7172379,classical
-274.38638,148.35338,-20.334356,21.812437,7.930837,3.7759368,-2.2328165,-6.1013494,-5.629294,-6.689498,-5.9066043,-4.5950003,-1.5465238,-3.0266492,-4.6958466,-7.7213106,-7.2142706,-5.4065905,-5.247943,-5.2739983,-5.5618167,-10.204655,-7.6974597,-4.6311426,-3.5423799,-3.6056437,-3.5210721,0.7548634,0.58393735,-7.075552,-6.683848,0.46596694,3.2857144,-1.8385369,-4.359019,-4.385259,-3.8012261,-1.4210322,0.6037339,-0.6836606,classical
-305.4226,135.9234,-11.752712,18.215021,10.38905,3.0129588,-5.5959153,0.14172542,-1.3495618,-1.8677533,-3.2052636,-6.742522,-2.6944177,-5.5971813,-4.523639,-4.7845087,-5.3687057,-2.6217136,-5.8361917,-6.9299545,-2.9445515,-2.1418374,0.6344674,-0.3679309,-0.9247475,-2.896983,-4.378991,-5.337914,-4.4266458,0.40782124,0.53481907,-1.5569078,-2.6564505,-4.215302,-2.6951134,-1.7779118,-0.7280548,-0.172916,0.39563298,-1.1872516,classical
-465.86432,180.2054,56.636234,11.02556,5.8447804,0.7319183,-3.974208,-5.888048,-8.464273,-9.792967,-7.6927004,-3.2534184,-1.8652483,-4.019154,-4.109025,-2.469733,-2.3577724,-2.9964194,-3.223165,-1.7109013,0.8717379,0.18628515,-2.6132052,-2.4611132,-0.5874888,-0.08872183,-0.7365546,-1.1251819,0.0880315,0.57379824,-1.9078945,-4.2387977,-5.4200478,-6.4515133,-5.666566,-2.4988208,1.2030579,3.9458795,4.1147766,2.4695394,classical
-498.68024,145.66776,46.47074,15.253132,3.0677738,-0.8257453,-5.210668,-6.1987047,-3.8057752,0.088642135,2.7183187,2.2182074,0.2439276,-0.45965162,-0.87284714,0.5873402,3.2759447,2.2999616,-2.5685794,-4.8113203,-2.5067902,0.97626656,2.9090106,0.49200076,-2.7822535,-0.97516984,2.2928073,0.08173958,-6.1906466,-8.513064,-0.75921744,9.533808,10.162022,3.561144,-0.5473719,-3.2938282,-5.2251186,0.25870883,4.591482,-1.1302779,classical
-421.71585,172.793,28.1083,-2.5769753,-3.565678,-4.865174,-8.889885,-10.696762,-7.6852007,-7.9576306,-7.334867,-2.7171748,-0.9175329,-4.206839,-8.415388,-8.393857,-4.12809,-0.41836643,0.08662485,-0.26054707,3.0544696,6.8077273,8.813711,9.085512,6.720613,4.1883163,2.5665839,1.3241563,2.5938241,4.569863,0.7706484,-4.8546867,-4.0958347,0.14704636,1.4994955,1.0644083,0.3819459,-1.0487322,-0.6003938,-0.3533686,classical
-429.35043,175.13577,31.911318,4.2821155,1.0457513,-5.766878,-9.477815,-11.283073,-10.581982,-8.664747,-6.3338895,-1.6819392,0.81892663,-0.18230265,0.03587053,0.20540485,-1.8460841,-4.4152236,-4.9679823,-4.601114,-4.1293387,-3.597174,-3.2491875,-1.4049603,0.07073162,1.1498821,2.7366233,3.8123095,3.965224,0.7379272,-2.6956081,0.71963173,5.821864,5.377673,3.8616157,3.178853,-0.370348,-4.4204164,-3.8442314,-1.0598156,classical
-413.57153,143.4208,31.354317,14.031839,1.5281577,-2.2939954,-6.4803357,-8.104997,-5.9279113,-4.468454,-2.7899306,-0.814875,-1.212833,-2.38627,-3.8151693,-3.519501,-2.7149518,-2.386343,0.6211232,2.6633341,1.3298547,-1.7807778,-2.693484,0.35031742,2.9969862,3.599822,3.7490537,3.866183,1.9271554,-4.4532604,-6.119528,-2.8757265,-1.8692079,-0.79605275,-0.87518877,-1.6797556,-0.9103693,-0.8099011,0.98274106,4.9073806,classical
-234.41783,130.25517,-39.531143,19.335638,-6.793275,-5.1301126,-3.7073677,-4.0360165,-5.071877,-1.3683324,-7.73577,-4.3820004,0.46520504,0.7849736,5.4507375,8.774231,7.0391765,2.416,-2.308834,-0.24570014,5.3120494,1.8473043,-5.416509,-5.8383617,-3.120236,-1.343978,1.3806705,3.7321978,-0.099305995,0.38768974,8.815478,6.8200436,-1.2375885,-7.314822,-7.6477656,-3.8384666,0.9898364,6.0726047,7.7434583,3.2252457,classical
-321.1795,136.29668,-28.299366,31.01146,0.56641436,0.23202765,0.6554847,-1.3426679,-0.057697374,-0.4247514,-6.180906,-0.14451773,-0.45611727,-0.7306295,7.474552,10.973124,7.8342533,4.3253202,2.985389,5.8490076,4.7854156,-1.336622,-7.9158783,-7.6413755,-6.4413013,-2.196585,3.3875017,3.515003,2.5714583,1.3466086,8.06889,7.3813567,-1.097942,-7.632921,-6.0018167,-1.7388176,1.5312998,5.0448875,4.926072,1.9526144,classical
-321.19263,134.53426,-18.23528,22.17988,0.42954096,-3.805615,0.49535307,-1.1447424,-1.9025488,-0.10540186,-2.7555182,0.5932069,2.4970193,0.3070819,1.6812912,2.888143,2.0844862,1.1636722,-2.393689,-3.407903,-1.8841685,-0.7257458,0.54547197,2.22032,0.16267778,-0.06656035,0.9834138,1.0028939,-1.6676332,1.7576007,8.3438,6.0379047,-0.015152639,-1.9768864,-0.32237613,-1.060464,-1.7007449,0.18989491,2.5318465,-1.4851967,classical
-269.69882,136.47507,-25.00176,26.395002,0.6870049,-5.381706,-1.1201948,-1.5102575,-0.16106224,-3.7851603,-9.28722,-3.1484404,1.6416065,0.67547286,1.898123,2.2316878,-2.1227548,-3.6631796,-1.0772653,3.5317945,1.7324964,-3.251672,-4.663207,-1.9550383,0.94103795,3.7539656,5.3721266,5.4147997,1.9165986,-1.1322308,1.1355525,0.8858005,0.63120335,-2.2663589,-3.7541542,-3.0458815,-1.1450899,3.4445,6.1762233,1.4958566,classical
-360.83704,138.98073,-12.931411,33.80207,7.5938,-1.7090734,1.0358477,4.07697,3.9310114,0.9335502,0.5041113,4.682116,3.340199,-2.2543888,-1.8542651,2.2155046,1.7880183,-1.5159181,-3.251121,3.9964302,7.330404,3.24983,-0.3435154,1.2598745,1.9374161,-2.5293255,-0.6435835,3.05742,2.8303404,6.5815763,10.96925,3.2852814,-4.2374444,-2.8322883,-3.4746215,-3.6223202,0.15818536,-2.907519,-1.5974333,4.6571116,classical
-306.78555,152.90353,-27.586826,16.319193,-3.155099,-8.931759,-5.4318347,-9.781289,-7.1121745,0.2934659,0.8718292,5.4160614,8.195814,4.202757,2.0560663,3.0276265,-0.390875,-2.8138077,-2.9029148,1.3315637,5.6485076,4.774435,1.1852442,-1.6867527,-1.1807289,2.3533385,3.8520398,1.7966477,0.14103684,4.4214125,6.5405116,-0.9697897,-5.54579,-7.0756435,-5.3562174,-2.4256306,-0.21942648,4.487808,6.8696713,4.841852,classical
-289.8248,143.90315,-26.99642,24.06762,-1.1449989,-6.2989807,-2.7494168,-3.52808,-3.0203989,-3.1464949,-7.2563243,-1.6778026,3.078598,2.680053,2.5299106,4.6131744,2.3748033,-1.278894,-3.5456932,-2.8067148,3.2033389,6.5007467,2.7580128,0.8167302,-0.0035950274,-0.8142602,0.13766272,-0.0368915,0.7675518,6.995958,8.37893,-1.0308609,-4.1953382,-4.1482234,-4.492508,-2.461224,-1.8719176,0.7437313,1.3666964,-1.043864,classical
-412.95926,138.51984,-19.262383,34.14668,8.975063,-4.2944713,4.1525836,0.88195056,3.0793786,0.12249633,-4.057185,3.7797232,5.917003,3.4958465,6.631978,6.7447453,2.4679756,-1.8811083,-0.058645856,2.730016,-1.3127035,-4.6801395,-3.7453976,-1.9200501,3.333176,9.843307,12.004837,13.935635,6.5465517,-4.525339,-4.019642,3.8574505,5.106688,-2.2822049,-4.1185756,-4.109227,-1.0204525,4.627371,3.5507042,1.0159222,classical
-238.59631,149.78308,-28.872143,28.239666,-0.8014045,-3.9247715,-2.135668,-4.334019,-4.1872807,-3.438998,-5.771543,-0.12075097,2.5199795,0.6888363,0.07483964,1.7069906,0.6496946,1.4659429,-1.8280256,-6.239791,-2.6709025,2.9963965,4.6571403,2.0519602,-0.035129797,0.42961776,-2.4844177,0.026470408,3.2301805,0.32154435,-4.09947,0.73138225,9.273427,5.8505645,1.1776778,-2.1932623,-6.333655,-3.5818613,-1.4327631,-6.645039,classical
-477.97784,155.31071,12.760654,5.525207,2.377073,-10.652258,-16.648241,-12.547405,-11.190112,-9.378248,-3.2180305,-2.767349,-6.4684463,-8.300396,-7.093545,-7.4725733,-5.3243647,1.2635611,1.8797898,-1.6579893,0.6253232,6.7684026,6.441008,1.733847,0.35105154,0.34143245,-0.872209,-3.2537313,-3.0549335,-1.6307328,-0.016980434,3.7548628,4.781979,5.571467,5.610249,0.07699755,-2.6025746,-0.11291627,1.8744771,-0.5114289,classical
-552.1063,173.36296,26.35445,14.122476,7.259275,-7.084969,-5.859201,-10.342717,-11.022791,-9.200838,-8.827268,-4.9302998,-3.6547005,-4.282815,-3.4607012,-4.82143,-5.679628,-6.546866,-8.206825,-6.45084,-3.1269562,0.389769,1.4964943,0.21502005,-1.7974124,-4.4102826,-2.8265731,-0.5726561,-1.5665116,-2.4395037,-1.1126819,2.562252,3.866138,4.043484,4.4635487,0.8678124,-1.8914196,-2.7492688,-4.9701777,-5.6130743,classical
-437.5252,170.9714,7.38617,-3.108705,0.7773017,-11.135056,-12.523807,-6.900928,-5.850053,-8.45572,-8.472509,-8.329373,-7.373799,-6.733424,-6.0883675,-7.0600677,-6.6525064,-4.2910237,-4.399244,-4.915998,-1.6849815,4.8668127,6.6916966,3.6902716,-1.4475132,-3.9096997,-1.8779569,-0.4617011,2.8019361,5.471372,2.028052,-0.22057888,0.27920562,2.058087,3.0929852,0.812547,-0.55925995,-1.9734385,-3.4030893,-0.9873633,classical
-549.6238,156.95288,6.6107097,34.415283,13.258632,5.755012,5.0514054,-3.0009751,2.066576,3.0773382,2.016796,3.2401438,5.6662607,5.7039456,3.6319153,4.0980306,4.334258,3.3654842,2.628941,1.6571872,0.6810125,0.39349857,0.3688634,0.45133325,0.03947458,-1.0274937,-1.3352181,-0.86450684,-0.6710945,-1.5134374,-2.045797,-0.48090988,-0.26391667,-0.4054282,-0.21904007,0.6867377,-0.2494179,-0.8491963,-1.530019,-2.407149,classical
-374.73544,153.82092,-21.555332,20.830206,7.003569,-3.9481635,-2.5215898,-2.8035054,-4.282765,-4.499873,-5.7614007,-4.259625,-3.8435438,-4.5857606,-3.6389863,-2.2903485,-3.127545,-0.21475942,2.629517,1.8175368,2.7850688,1.9631499,3.0558074,0.7890937,3.661654,1.9345378,-1.0619464,-3.5786805,-2.3781655,1.559548,0.15843406,-3.1630626,-4.3204923,-1.2140628,-0.69961417,0.3294435,-0.4788926,-3.3293495,-4.917151,-3.116025,classical
-264.05682,142.12022,-51.35426,5.0189214,-20.266205,-17.137808,-16.06992,-20.311365,-15.042228,-9.738146,-8.402028,-11.775308,-6.8804574,-4.6050215,-2.0530014,-2.3747227,0.9640729,3.017726,1.3792968,5.554171,0.9399661,1.0021639,3.043897,1.7639028,2.1180546,0.21706955,-0.49237683,-0.29630655,1.4632479,3.4650667,1.8436835,2.0110843,1.5636384,2.611437,3.109178,3.4243731,0.7325791,1.0466224,0.46691185,2.9950352,classical
-338.7873,190.10437,-16.304815,3.7044485,-0.44790414,-8.884474,-10.4003,-16.36604,-13.285849,-10.799826,-8.649679,-8.285074,-4.618803,-3.792578,-4.5501957,-3.6639328,-0.9426807,0.5389652,-0.26442826,-1.564177,-1.6219373,-5.145301,-5.4867883,-2.8105848,-2.3825638,-0.039401077,2.8476787,1.4447222,-3.7432802,-3.614649,5.074073,9.999954,1.0287168,-8.198043,-5.4103765,-2.3646672,-2.809823,2.300287,9.577577,5.9516797,classical
-369.13687,171.89467,-27.26967,6.017667,-0.14046475,-10.669235,-11.915659,-10.193319,-11.368732,-10.511278,-8.377622,-9.789241,-5.0547614,-5.081166,-3.0338259,-1.7272465,-1.8499658,-2.2594447,-1.2759857,-0.43458468,-3.0806427,-5.209864,-4.6798387,-1.3543698,0.15137725,-2.6442382,-3.8224592,0.6145544,5.393117,4.2177887,-0.10041842,-0.891949,2.3637753,4.3617606,5.0667834,3.7994564,2.327496,0.36445957,-5.795785,-5.978087,classical
-246.21837,149.44388,-41.973816,11.606412,-10.287585,-4.0184045,-7.1389456,-10.137027,-9.425965,-7.1766233,-3.1531363,-5.6295013,-2.5816011,-4.5165157,-6.1636004,-4.9719005,-3.3493166,-3.344111,-0.6730954,0.21787964,-2.9147663,-3.3772275,-0.22790211,0.10621041,-1.6705368,-2.0890098,-1.5355253,-2.5342607,-0.9464793,2.5857024,0.5571838,0.7850823,0.8385365,0.15274255,-0.56970775,-1.225987,-0.52625287,-0.4033042,-2.2830083,-1.1189251,classical
-283.4352,159.55325,-29.518972,18.540627,-9.879667,-3.4205968,-10.990983,-9.78434,-8.296976,-4.2428293,-2.8664072,-5.969815,-4.020927,-3.3497474,-3.3910906,-1.8592801,-0.44662163,1.8976356,-0.110351466,-2.8223317,-4.274794,0.19479875,2.1607516,-0.3859733,-3.8259199,-4.7517576,-5.834295,-4.805284,-1.1414803,-2.250096,-2.5994868,-2.2419724,2.434065,0.20186833,-0.0073147705,-1.9925262,-3.2965758,-4.859518,-4.528788,-3.8312912,classical
-393.0342,190.77562,-13.312166,8.263634,1.5518676,-11.080791,-11.244869,-13.998271,-10.620688,-9.390383,-4.6135573,-10.067735,-4.8152575,-1.749237,-4.67867,-2.1273618,1.0223784,1.3087288,-0.15664068,-1.4133813,-4.4446154,-9.150142,-4.7602725,-0.06958957,1.3539875,-0.5498938,-2.2268474,-1.0924705,2.6473072,1.8551842,-4.0893855,-1.3446668,2.6082385,1.5227916,0.6958002,-0.27768645,-0.55724967,-1.6758795,-1.8314294,-2.3693852,classical
-299.7918,157.32382,-37.35202,15.766813,-5.756936,-4.4540663,-6.8151817,-10.736592,-9.884847,-8.157444,-5.422234,-7.8400235,-2.7306187,-1.1097302,1.6480838,3.6400816,3.083553,0.10869998,-0.796485,-2.7367735,-6.9937096,-5.879062,-2.3001525,-0.4108987,-1.179949,-1.963323,-1.0311409,0.48750725,-0.17791215,-4.684215,-3.945596,0.25685525,0.8265817,-1.9176581,-3.892383,-4.2531247,-2.9061434,-2.903015,-5.132088,-5.4818664,classical
-301.92847,57.542442,-59.133266,33.542343,-20.91211,17.741282,-0.64305043,49.023754,19.130112,27.098505,-17.633902,-0.26254943,-3.7518342,18.160437,9.950029,11.609912,11.278923,15.386705,-7.4021535,-5.847584,5.061738,12.141118,3.7112164,-2.8535635,1.8479207,3.3138943,2.2990506,3.4769087,4.5743184,-11.917586,-5.496808,17.276285,9.900848,-6.9183407,-2.5876698,-6.8074465,4.5324225,-11.2428255,-10.100021,12.0204735,classical
-326.31674,85.9087,-42.986927,31.837812,-19.576056,9.992609,-16.461275,10.00038,-8.599359,25.513212,6.5387473,16.400177,3.5028574,9.5951805,5.9227586,9.285646,9.963878,9.199149,2.789936,-5.384016,-5.6461043,7.5953865,14.822103,3.409321,8.174368,7.930168,1.1304328,5.985057,2.122206,-2.9773066,0.78287536,8.32358,14.375166,0.8177096,-1.1782237,-7.693185,-7.98016,-2.5485647,1.1623862,-9.083845,classical
-251.3183,88.73774,-41.7524,37.908646,-12.024272,21.6241,-5.853931,25.719715,-5.185972,14.30118,-7.5509505,10.464781,-4.9288926,5.2614264,0.29795015,3.31159,1.2643409,4.76849,-2.0682452,1.1370711,-1.9166505,-1.5691483,2.5456266,-5.5579176,0.6780378,0.5260278,-0.29503694,5.0569806,-2.387336,-10.3225155,0.61705494,5.482803,5.6756163,-0.58578366,-0.063105814,-4.151034,-1.5119455,0.53599834,6.951248,3.4843829,classical
-299.7126,103.67623,-27.657272,51.028336,12.27966,16.508783,-10.941353,-0.8949336,3.8351672,12.960477,-12.398089,2.4647222,5.1784363,-0.7386145,-0.61419886,-1.1869742,5.9202952,9.8128,-2.665085,-3.084117,7.525427,3.248585,-1.2461451,-8.758582,-5.0456033,0.26477695,2.7923033,9.701885,4.122933,-4.6534348,5.2509856,5.3113456,0.35242078,-2.05099,-1.3079131,-5.417525,-5.939321,-5.29799,5.976479,3.890077,classical
-207.37747,117.60778,-41.404255,13.253087,-1.6882402,15.532319,-10.36277,-1.8636898,-12.762173,7.0103326,-0.78136885,2.0718129,-8.264468,-1.4701028,-7.088128,0.934685,-5.5392184,-8.502519,-1.487559,5.380053,3.5682242,-6.5622044,-2.076688,-7.2295747,1.1538997,-1.1277833,-0.5326173,-0.53274584,-1.9228258,-8.850495,-9.125011,-1.3093895,2.3820522,-4.5668697,-0.047685843,1.3062061,0.36776668,-0.1730528,2.536611,5.8308916,classical
-385.7943,128.62303,-26.731682,39.48326,-2.173462,16.760435,-5.7341957,14.724416,-3.0906632,12.3112545,-5.892707,2.792582,3.6800175,10.925794,10.535347,9.91729,6.108796,3.5327847,-3.3188179,-3.675154,-3.6334932,-1.7174877,5.476446,2.7141392,3.3220332,0.5000822,-0.3402026,-3.623983,-2.9077218,3.786291,0.5015155,-9.081104,-3.1356163,-1.6631018,2.5774562,1.2921991,-0.45120004,0.401318,1.520847,-9.2969475,classical
-422.60803,89.84974,-18.716206,37.78641,6.01675,4.1617336,-1.9914649,12.111292,4.1678967,13.7912655,2.8296857,5.8862886,6.122228,8.141636,12.356573,7.095123,2.4118733,0.78016424,-3.4258897,-0.75028044,4.617078,3.960243,6.789582,5.946588,6.352136,4.6667747,3.872726,6.3890557,5.4650784,8.173626,6.28668,-3.658854,-5.2265763,-5.2291565,-1.9308904,-1.4836938,-2.148345,-4.4702907,-8.301667,-2.8131413,classical
-203.61938,111.205956,-51.536655,39.485825,-10.562025,11.9137125,-13.181607,15.123321,-7.2917004,13.3770485,-7.313064,3.840409,-3.7820063,5.304,4.1083326,6.6450543,2.9929214,3.5416892,-3.361932,-3.6787825,-2.4850109,0.76427126,8.861816,6.673783,9.008529,3.0941308,-1.1799334,-4.1713276,-4.3324833,1.0555291,4.9439178,-6.8929267,-4.9909935,-2.8160086,2.162926,0.4004983,-3.054555,-4.955251,-3.9415953,-7.4283853,classical
-280.7256,122.72235,-14.398866,26.855799,1.351974,5.9942274,-13.104071,3.3753622,-11.5543375,5.1937947,-1.051769,2.763467,0.06284377,1.3419089,1.5190893,-2.213261,0.77303517,-3.9691277,-9.135715,-6.9251537,-0.040377542,-1.4456794,-1.7964969,-1.1299022,4.034558,3.6614382,0.72174543,4.7475977,-0.2799148,-6.6901665,4.6655517,13.045043,4.9224577,-6.962118,-3.995703,-6.204566,-2.4308069,-0.91018033,0.46609867,-2.433139,classical
-287.521,101.73793,-35.369,41.282764,-12.745122,17.284992,-13.978298,16.311886,-5.5990286,13.664282,-8.790593,-0.0571059,-13.769377,6.4802904,6.7078853,6.9852624,7.031875,8.390631,-5.610771,1.3771219,6.0246935,4.2510533,1.3684118,-8.847246,3.424603,0.07063544,0.17847624,4.637886,-5.6410837,-5.126236,13.039312,8.07078,-3.451075,-11.584091,-4.802011,-4.848252,0.95547885,5.8675656,14.232597,10.669933,classical
-378.73932,126.49873,-18.81513,42.87581,-14.305189,25.34269,-14.64103,18.70429,-10.188718,21.10809,4.4370375,18.225647,-10.2742815,8.953815,1.2109159,6.280114,2.5284433,4.3861523,1.7054092,9.987649,-0.1930863,-3.7032342,1.7960821,0.28704032,6.544021,0.27243805,4.2073493,7.9996676,2.603996,-5.935088,-4.8326135,-5.352489,2.9607892,-4.7925487,0.19500563,-3.574397,-0.49553537,-1.0322682,5.097619,-1.7528651,classical
-23.184357,70.25887,3.818911,28.329025,13.76447,5.725915,3.9781454,7.4515557,2.6495175,8.495177,-2.2885163,2.0798767,-3.3781197,5.1236925,-0.1764189,0.35927182,0.5841995,4.0280023,0.92438954,4.08801,-3.16703,-1.1952249,-4.192599,0.7245888,-0.10233583,3.3932452,-2.1261477,-0.1084761,1.3173705,0.19483092,-1.3464947,-1.6464099,-4.9154787,-0.6175171,-0.75994486,-0.5662466,-1.5252185,-2.9280214,-4.7503486,-4.289064,country
-8.001197,62.728,-1.4580809,28.115849,9.9723625,9.353736,5.420156,9.825023,3.0283053,8.426978,0.31103775,6.545157,0.7390595,-1.7741019,0.8506021,2.9827795,-2.7668254,2.8226829,-1.7435716,0.9709403,-1.4419231,-4.8266234,-3.7770324,-1.1260177,-3.745432,0.17277965,-0.38041154,-2.1405973,-1.41274,-0.98846173,-8.701921,-7.06214,-5.530493,-2.267328,-1.4154114,-3.2885318,-1.9060374,-1.9384284,-3.2908876,-1.1935077,country
-120.72672,79.31613,5.453445,34.812138,16.550337,13.15254,6.2395873,9.984545,-1.9874377,6.7651973,-6.290685,0.27700418,-6.7018785,1.6440436,-1.7412106,-0.6663896,-4.842762,-0.28317094,-5.389651,-1.9393586,-7.489529,-0.112952545,-0.27392313,0.07327658,-0.47346666,1.735278,1.9902424,0.7433947,-4.1508255,-1.896611,-0.8727538,2.7149553,1.5457804,-2.3586335,-6.5847178,-3.715369,-4.0187783,-2.778069,-3.6817434,-4.0346837,country
-57.75979,95.76648,-10.109319,40.979637,13.979035,-0.989858,-0.18847127,7.4250774,-3.6333375,9.545139,-2.9410644,2.4362512,1.9947804,-1.2870499,1.3565394,4.4236846,-6.5204806,-0.03459862,-1.4115795,-3.0789082,-7.3265777,-1.9102961,-4.3367968,-3.7109451,0.6082897,-3.1508474,-2.557391,0.010584592,-2.9940963,-2.3280315,-4.1705294,0.5568943,1.9208665,3.2881827,0.01155029,0.7148495,-2.496099,-3.715171,-4.5247555,-3.68798,country
-20.78135,62.950428,2.3044403,30.773718,6.973462,6.5058117,6.3236365,9.873086,3.4352968,9.372202,-0.404158,7.519415,-0.9842739,4.0191503,-0.66244876,-0.06125199,-0.16676487,0.24374017,-5.4381933,1.8272817,-0.57667893,-0.3707593,-5.283334,-5.99882,-7.910058,-3.3595505,-0.032319084,5.4089327,0.76439255,-3.922698,-4.3700743,-0.53498805,-0.9244655,-3.4257514,-6.2095222,-5.199925,-6.294822,-5.0859075,-2.7800694,4.38726,country
-24.692423,62.388386,-7.7689857,28.530293,10.947266,5.6092887,0.032920815,13.834209,3.0137303,9.866081,0.81874436,5.8707213,-1.2669297,2.994797,0.94076437,2.0843098,3.0438795,3.0530632,-0.13393764,3.6150692,-1.1807336,-0.70964766,-0.66254973,2.1804101,-1.420166,0.4936599,-2.4859405,-0.7779212,-1.7312086,-1.2057208,-3.2155645,-3.7311287,-2.1138618,0.8600087,-0.04382752,-1.6736298,-1.9419686,-0.646416,-4.727442,-3.0072806,country
-23.14604,71.35541,1.3973156,24.47451,16.34997,4.5169725,-3.9798617,18.038275,-3.358467,2.474037,2.9799597,0.83682466,-1.1464859,0.16857769,-3.3017209,0.18618387,-1.2149609,-1.5663674,-2.7524984,-2.110104,-2.8013315,-1.2302514,-5.3400903,-3.0057707,-3.988143,-2.2705188,-6.0321836,-3.2691257,-4.496493,0.12804012,-0.63348365,-0.3203631,-5.472876,-5.896252,-3.074973,-2.961998,-0.8313024,0.12902851,-0.40354523,-3.6302543,country
-20.81746,64.90752,6.7671013,26.357126,11.665423,13.185629,-1.9791067,8.582197,0.47289523,7.441096,-0.41490942,6.945586,3.6606066,2.0337162,0.6502081,4.3827734,-2.802764,2.975754,-1.8402817,-2.3632526,-2.2126303,0.6010488,-1.2930543,-0.09157508,-0.4904425,-0.17885743,-1.4198633,-0.1267142,-6.8342195,-4.378474,-4.7336245,1.6976296,2.4731712,-2.8542137,-3.087428,-4.9842253,-4.7171707,-4.684368,-3.8230724,-2.5473738,country
-19.72382,76.66849,-4.8497195,32.24758,7.6701546,17.224527,-1.4669178,9.14332,2.7177043,9.111842,-2.6976073,7.5035048,0.33303145,4.9300003,2.8014672,1.8928756,2.454538,6.401708,-3.3361027,6.3192244,0.12581736,-1.484566,-7.5717826,-0.70380515,-4.972911,-4.904139,-1.2649953,3.1879761,-2.5584521,-4.571501,-5.661352,-0.54189306,0.6477807,-3.507978,-5.5133615,-6.0638146,-6.1491814,-3.686134,-0.6009739,2.9956472,country
12.1632,58.97738,0.91886264,26.749123,9.2547035,3.5763056,1.5831511,8.648173,0.97104156,11.627411,-2.1597261,1.1948514,0.4723693,4.408359,-0.17110048,3.099949,-1.1844648,4.545524,0.8650014,1.2720963,-3.054296,-0.6963515,-5.435872,1.2010086,-0.12772685,-1.3538903,-2.7694952,-1.4413127,-3.1471996,-2.597719,-5.309187,-5.321572,-1.9795115,2.4710796,2.2464786,0.7106647,0.029971285,-2.5217066,-4.643964,-2.6157079,country
-197.73268,106.509026,-4.4345407,37.64394,-0.860655,-0.9555023,-3.4480155,-0.05124213,-9.299326,-5.1646576,-4.2450776,-3.5471108,-1.3499806,-7.1235623,-1.6197429,-2.4868119,-5.0532327,0.30241528,1.0691494,-1.6592695,-2.8487818,-2.9649272,-4.7587867,-2.938742,-1.7284427,-3.1690009,-0.6711247,-2.799606,-4.854749,-2.9292648,-2.1398041,-3.2572098,0.30491662,-1.2067909,-4.769652,-2.819199,0.101781934,0.7091444,0.84024113,0.9099352,country
-199.0945,61.186787,9.970173,23.455229,10.266042,0.021369107,8.005175,1.1249682,-4.8876796,9.501938,-6.344292,3.8612273,1.6283535,-1.3461183,2.6031919,-3.5718613,1.9763373,2.5352304,1.0390567,-0.98147744,-5.129334,-3.6145737,-0.6510266,-4.525406,-9.682483,-0.67532974,-1.9522843,-0.9597583,0.91673917,-0.52579063,-6.7631125,-9.871678,-3.3273835,2.6182404,-1.7186842,-1.8891677,-1.1432879,-5.6765165,-5.8073974,-0.4613984,country
-141.0231,123.89308,-2.4948008,27.972536,0.012813036,1.216624,-11.020722,-1.3764036,-7.020709,-6.118951,-5.1924863,-2.168428,-4.5938888,-2.3405595,-1.1824416,-3.964283,-4.234257,-7.813797,-1.6731255,-1.0846561,-2.9773674,-2.6497734,-2.9526393,-4.6400075,-3.3929942,0.58633673,0.5872692,-2.9221506,-2.8446956,-6.118696,-6.6917477,-4.0043116,-2.8940713,-2.9333596,-2.852441,-0.18097831,-1.4466573,-0.8854633,1.1825898,1.4312369,country
-126.18547,77.63614,3.1659164,19.95085,10.833183,0.72669667,5.2176957,-0.49295208,-0.9993632,5.3890133,-3.735502,-3.5004709,-5.3318467,0.28486115,-2.0108876,0.8345812,0.3288451,-1.114898,-4.387004,-2.6085503,0.41914126,3.32381,0.9664662,-3.7046409,-4.266109,-2.327372,-0.51731634,-3.2229245,-5.785866,-3.1294875,3.8470335,4.9225607,-2.3215482,-5.581803,-4.590335,-3.909132,-3.2741609,-1.6652337,0.026469747,-2.9133852,country
-124.6331,72.52177,16.71368,18.248219,12.224788,8.088156,7.982229,-0.5219015,2.3674657,-0.5643611,-5.5733914,0.5387731,-5.067154,-1.1601871,-3.5754244,-3.6894362,-0.16906025,-0.64208156,-4.1438947,-3.999883,-3.649651,-3.2113883,1.1991704,-1.1981936,-1.816453,-1.5114611,-1.244456,-3.4441738,-7.0615897,-4.811871,1.1955025,0.81108654,-1.4268273,-4.8329983,-3.970167,-1.6865246,-0.7281979,-0.794586,-2.4402416,-2.6051443,country
-116.17638,111.72995,-5.2455125,33.995697,-12.458564,4.2506166,-14.428153,8.494949,-8.19823,-1.3456502,-12.559847,-5.005492,-2.1499326,-1.8379669,-8.272396,-3.0211012,-5.472165,-2.9415307,-2.636676,-3.3716757,-3.1024237,-1.9634978,-3.5023744,2.16296,0.060569976,-6.102456,-1.4245842,-3.1674986,-3.0933104,1.3862103,-4.899825,-4.3616085,-2.4471908,-2.6767592,-3.017763,-6.301866,-4.9940324,-4.698791,-4.9959817,-2.7913966,country
-210.17332,139.61768,-16.979992,58.003017,-9.654812,-1.9645078,-18.001234,-8.207505,-11.778446,-7.882443,0.6071054,-9.965226,-6.4667735,-3.8483527,-12.04527,0.3174675,-8.04239,-6.7930903,-1.8463358,-5.9385214,-9.75252,-8.376117,-3.7674465,-2.1491268,-7.47079,-4.5471745,-7.437576,-5.0052457,-1.9027661,-2.144344,-0.6208856,-1.1686704,-5.802693,-4.2639184,-3.6730175,-3.6200492,-2.3671532,-1.0539234,1.0677838,-0.27579048,country
-171.339,137.35457,7.9645786,28.539564,2.7081969,-0.5015099,-2.9561005,-1.1593422,-6.1596603,-2.4005284,-5.8533883,-2.1666093,-5.3437123,-2.7834225,-1.5698565,1.294838,-3.412445,-0.8946279,2.6330256,-0.09977285,-4.2883973,-1.8982209,0.45716068,1.6003383,2.9503314,0.020600948,-3.486513,-2.7180617,-2.281126,-0.19585258,1.8757869,-1.5967795,-3.218121,0.10291659,1.4468735,2.0846272,0.43155473,-0.2961798,0.27374363,-3.788912,country
-131.14856,102.99637,-11.533305,17.73964,16.962389,4.4356074,1.2965347,3.4184597,-1.4990547,1.6171722,-7.983499,-0.8249754,-8.876752,-3.842363,-4.4875875,-8.93866,-6.380394,-1.5118133,-5.409956,-8.043467,-1.7709883,-5.5512977,-4.6352797,-0.74744785,-4.5404024,1.1250787,-2.1878753,-0.73244363,-1.9057424,-4.7504673,0.5733475,2.0480685,0.15541124,-4.0394697,-6.989893,-2.1789305,-3.3287365,-2.0943751,3.4027777,0.8876969,country
-256.06357,163.10161,-22.872879,26.93337,15.301942,-3.50522,4.2170873,-0.79301685,-9.463186,1.7569615,-4.4230623,-3.6401737,-4.252334,-8.109075,-2.376017,-5.1455927,-11.161296,-2.412988,-0.5396905,-4.7787414,-0.8137515,-4.0615625,-9.643926,-3.45015,-1.8182834,-3.8124504,-0.15395796,0.4394663,-4.257155,-4.8414454,-5.007518,0.033082,2.6536095,-1.260114,-3.0799155,-1.4448473,-1.6004026,-2.6265292,-3.195142,-1.3424275,country
-161.09123,74.70691,22.421598,46.011986,5.2690363,25.112389,-0.5864293,10.375498,-6.830219,5.049813,-0.7697866,1.4022417,-6.0112886,-4.0060997,-4.793629,-2.8669364,-4.986899,-3.6081994,-7.5884213,-3.2281842,-2.2565322,-5.23524,1.3539363,-0.42253995,0.6387255,2.25785,1.4863092,-2.7292998,-0.809478,3.6024551,2.4254026,-0.8857318,-6.883722,-9.4664345,-7.7262135,-6.8958917,-6.2681375,-4.7311773,-4.2994967,-2.3701549,country
-209.38939,167.1398,-20.865452,36.817654,10.305034,3.9740636,-5.6623545,-4.6380916,-6.237971,-4.1778646,-6.688475,-3.2634768,-7.9670053,-4.0533214,-4.987053,-4.496617,-4.010354,-6.3978004,-5.91674,-8.175597,-8.179098,-2.8045843,-5.315813,-3.8837686,-6.4414253,-4.218864,-2.3115656,-3.5433984,-2.4802713,-3.6874678,-1.7037454,0.37659684,-2.321089,-2.6956916,-2.6185663,-4.4709277,-2.7224832,-0.9204647,0.14117424,-0.43807653,country
-195.12416,114.29301,0.0014297911,38.17855,11.291478,-6.075158,1.2188284,-0.0041930964,-15.420767,-3.5709002,-6.125418,-4.500051,-0.12475657,-4.386221,-9.412581,-10.716871,-6.541959,-10.051359,-7.2627316,-4.007446,-6.99891,-2.5654716,-3.9825692,-4.6486807,-4.485889,-5.479256,-5.5480328,-3.379232,-0.78655267,-2.4602282,-3.7569494,-0.7450401,-1.5736188,-2.4864295,-0.8309963,-2.316578,-1.3450286,-2.274405,-3.5752463,-5.397781,country
-353.05423,110.632095,32.743378,24.164183,18.746185,5.9248896,-1.7401656,3.8813748,-2.9872537,-1.9034864,-2.8664541,-0.97887444,-6.4891205,-4.2524424,-3.7505193,-6.0119343,-7.199874,-2.5195584,-4.032561,-3.4128342,-7.050633,-6.880731,-10.334141,-7.785414,-6.106848,-5.052873,-1.7727264,-4.0573792,-4.425985,-2.7557411,-0.9433936,1.6490549,-3.2295024,-6.6925845,-5.8102,-6.2641373,-4.945164,-1.764238,-0.18124896,-1.7871857,country
-199.98285,109.121544,-5.5460243,48.132893,1.2039801,4.5974913,-9.152174,-1.471275,-11.66506,-5.204099,-11.550537,4.9783483,-4.9808197,-6.0473065,-0.6872891,-8.536201,-8.461553,-7.9434843,-7.613288,-0.38595322,-8.608607,-6.871461,-8.685348,-7.1320944,-5.878149,-0.21097699,5.9406905,6.740574,-0.17357841,-6.8231764,-9.2843895,-5.7025466,0.46446285,2.7094707,-0.006537753,-2.8372996,-3.3107026,0.8092474,0.8469243,-1.3913715,country
-200.55318,119.65538,-3.604682,31.952965,9.957966,15.293297,0.6486007,0.23646206,-4.4767165,-2.3108823,-5.255605,-2.4737477,-6.048022,-0.8033076,-4.706508,-11.29183,-8.867357,-8.068559,-3.1603546,0.33031368,-2.8295467,-3.240593,-3.9702775,-4.1449213,-5.2976775,-4.0412197,-0.4967246,-0.5151116,-3.7996187,-3.6206172,-4.126988,-2.3464541,0.35847312,1.1631835,0.15516597,-1.1465675,-0.15183903,-1.9989066,-2.6148489,-3.5613883,country
-194.26962,151.78432,-3.0342522,29.480587,9.101757,5.9855814,3.784445,3.7657218,-5.8694096,1.5940248,-3.7664156,0.9295919,1.972304,-2.2319498,3.3600001,3.75466,-1.1347994,2.2319846,3.3677235,-4.13741,-2.760512,-1.1299306,-3.2085366,0.76055366,1.2485226,0.92470986,-0.35221684,0.4708704,1.6260673,2.4518857,-2.4530158,-4.010266,0.4494066,1.033341,-1.4482414,-2.4705176,-1.1360694,-1.3121418,-0.8742961,-0.7872117,country
-100.73443,106.97025,-27.18039,29.091337,5.039497,-5.4290433,3.2457464,-5.1666436,-5.103821,-0.8067118,-3.8309824,-2.7171006,-6.651432,-4.670355,-5.6970487,-5.9915314,-10.221571,-10.535934,-5.7311044,-7.2916656,-8.348927,-5.7311873,-4.4667335,-7.402938,-7.041762,-6.35766,-7.862421,-5.0011253,-5.013449,-6.785079,-0.6541499,0.28428018,-1.8146005,-2.754771,-6.3024297,-5.918281,-2.7174077,-3.9596412,-1.5116918,-1.7287972,country
-169.19261,132.80664,-13.484966,31.182264,6.3355885,-3.7656243,-2.057463,-3.6175504,-4.556714,1.2857978,-6.986225,-7.255015,-1.3873172,-9.508183,-5.4185114,-1.906521,-7.16816,-1.4283392,0.15933114,-4.114242,-7.221233,-3.1629288,-3.4660194,-3.4145262,-1.6218617,-2.121004,-4.647886,-8.356289,-4.5544295,-1.14743,-1.9844661,-6.001404,-4.6478972,0.03756225,0.14710404,0.37637016,0.36311886,-0.14765717,-1.1773225,-3.6435404,country
-171.28873,160.4967,-17.80444,30.5122,7.514744,-8.256042,-5.6703825,0.13195087,-8.836377,-2.6552682,0.70573175,-3.78496,-6.5005155,3.7841282,-5.4310317,-3.076479,-6.2547708,-1.9400128,-0.83493346,-1.433976,-0.49661878,-2.796186,0.031281274,-4.0042167,-0.8883617,0.09186526,-2.6850214,-5.631295,-3.419334,-4.174358,-3.7957158,0.47211468,-0.42801178,-5.113656,-2.6227582,-0.6596421,-2.0442197,1.3448303,1.0417606,1.2022302,country
-277.1022,128.25644,42.42859,37.69783,12.780972,9.599224,-5.9831166,-7.538272,-8.034319,-4.942378,-6.5300484,-3.627953,-7.2284265,-7.452905,-1.5747141,1.3907406,3.080538,2.5106266,-1.0542908,-2.7523243,-4.5609984,-5.060817,0.38083214,2.703818,-2.4488058,-4.874463,-7.3074737,-14.430364,-6.399246,1.8903086,0.9184879,-1.8655564,-2.1774523,0.741198,3.2200837,3.330721,-0.7173933,-0.1401573,-1.420995,-4.885459,country
-130.4947,104.13707,-19.261398,34.153618,5.4139214,-2.166884,-0.72687984,-2.8929858,-5.459535,4.0802116,-4.4622407,3.523582,2.147013,0.18757658,2.6818895,-3.0753503,-3.1991122,1.6599616,-0.6806539,-4.3735867,-0.6209434,-1.304382,-7.2620535,-0.36451736,-3.651572,-3.3588326,4.69328,4.1169605,-2.7401977,-1.0923959,-3.6938863,-1.3120083,-2.1185257,-4.139136,-3.395819,-1.8561977,-0.29011995,0.36240184,-2.5957227,-1.8549243,country
-237.99352,97.70346,6.526742,45.977615,2.1547687,16.221973,8.825113,7.767009,-0.59379196,4.4802604,0.14091605,3.021077,-1.6638004,-5.4229407,-2.8296824,-3.0536504,-0.49806198,-0.11182406,-3.8595042,-2.6508048,0.06327031,-5.73908,-2.1067836,-1.8542778,-2.9349124,-4.136606,1.5589141,0.41520336,-3.2624905,-5.6059093,-1.9307823,-5.094574,-6.5946946,-2.5099802,-2.2648337,-4.83119,-6.6776752,-0.76090074,-3.3208988,-3.5240822,country
-133.3365,78.990364,-5.6506476,35.522865,-7.5477085,7.9280396,2.7298074,0.39645395,-1.1331302,-1.1071385,-7.8454437,-1.1711783,-4.814018,-3.1399326,-5.0448146,-1.0937083,-0.9636329,-2.4559505,1.1548452,-1.8392485,-2.6223693,-1.9855299,-8.584458,-10.316652,-5.4686546,-5.3501897,-8.300267,-1.3394116,-0.32619447,-3.691107,-7.4988313,-6.3867188,-3.2919986,1.0454427,-1.93887,-3.0158854,-2.1639037,-3.3587916,-3.480125,-0.6858105,country
-153.86736,83.68425,-8.418768,13.969093,13.551848,3.773254,3.0063746,6.347874,2.0667963,2.0754557,3.1952746,-0.4753239,-3.0259306,-4.5377707,-5.0488076,-4.9258924,-6.1356635,-1.6660154,0.46549764,-1.551539,-1.0797391,-3.1876674,-1.8335543,-1.4148189,-3.232292,-0.7628343,-3.0419493,-4.572587,-4.78955,-1.7940248,1.0318067,-1.8020464,-4.16647,-0.7831015,-1.324899,-0.9966631,-0.6903489,-1.1073952,0.40710095,-0.012991371,country
-120.383224,95.348915,-6.008271,25.16893,20.961815,-7.1399155,8.552629,2.4400122,-14.6636305,9.296396,-2.3618505,-3.1564727,0.60948354,-4.425831,-7.452153,-0.44424567,-3.587983,-5.025636,-2.523358,-4.7514105,-4.2619886,-1.7153345,-4.8588696,-3.4555936,-3.6468616,-5.5233274,-3.9326746,-1.4801923,0.028467208,0.29931018,3.2171445,1.095335,-0.5330969,-4.1852946,-3.808128,-4.5706377,-0.071425945,0.5412165,-1.1338899,-0.67007565,country
-339.7991,97.781006,-9.695911,50.986897,7.8249445,11.747369,0.6847606,2.4938347,-4.7754116,0.19351886,-5.974665,-2.8948963,-6.1570086,-1.8445803,-5.3551826,-8.306349,-10.728061,-7.740845,-3.4437325,-6.962086,-5.5933366,-7.3362164,-5.3940625,-2.0458524,0.11022975,-1.9997908,-4.8494234,-6.11378,-6.967122,-8.255194,-7.2633605,-1.4203187,0.64979804,-4.1545787,-5.6546907,-3.780444,-1.4514446,-0.6961574,-1.4308894,-1.7857336,country
-173.4441,105.05278,1.1553173,24.114841,22.12515,2.5424929,-1.5812404,0.17491437,-5.323045,3.8141825,-4.5238996,-4.587282,-1.5664963,-2.2571902,-3.857909,-6.458283,-7.4685717,-5.533387,-2.1898673,-2.4518628,-4.8328304,-1.3908988,-3.7006896,-1.3244699,-2.0650885,-1.688578,-2.7588432,-2.052499,-6.57712,-3.8651323,-2.1058028,-0.1269771,-1.3249308,-4.8189573,-3.7773716,0.25770268,-2.2358677,-2.4058845,-1.1678392,-1.5400734,country
-118.02856,74.16701,8.2881365,15.462522,6.1549687,8.443998,4.118831,5.7389975,-1.9503187,3.163911,5.040857,-1.1298937,2.4367034,-1.4256318,-4.7408276,-6.3695383,-5.7475576,-6.266189,-4.5168686,-1.0093789,-1.3324022,-4.4198523,-3.0866249,-4.9490085,-4.7233615,-1.6514252,-3.6479106,-1.8580368,-0.5854581,-4.2119455,-5.737519,-6.555971,-3.0365987,-0.83207166,-2.2067766,-2.5856392,-3.2928855,-1.9633089,-2.256145,-2.249832,country
-89.73638,36.286205,11.469535,37.49559,9.199136,3.7405186,2.8403578,6.81154,1.4674553,0.09733813,1.0258601,1.1755474,-3.5642974,-2.0911777,1.7115148,-1.3672682,-4.3769636,-2.6016088,-3.5284462,-4.22725,-5.1796846,-1.5152832,0.14745206,-1.4734222,-1.4277257,0.19078645,-2.2342813,-3.081501,-7.870817,-7.592521,-2.2943988,2.4900026,-0.05436945,-5.504557,-7.876577,-6.593899,-1.7861767,1.1339355,1.7066133,-5.0217314,country
-102.8967,85.32916,-4.324985,30.583778,3.0101564,-1.9592187,4.4452953,3.4205205,-4.253563,-1.7713999,-3.970628,-1.3591871,-3.7630885,-5.1772523,-2.8950465,-0.26965055,-7.421149,-4.096378,-3.4501848,-10.1142845,-8.334321,-3.1431053,-2.0792584,-2.2707505,1.5099556,-4.2477117,-5.1975937,-2.2480052,-2.0888023,-2.818707,-0.9451113,-3.4720428,-2.396132,0.8003202,-0.5171154,-1.5223831,-4.2945166,-2.6862411,-0.65394384,-1.5134863,country
-111.69471,82.260086,13.068496,31.930077,23.68303,-0.5323794,12.029794,3.660206,-5.7385216,3.333035,1.4207492,0.7725832,0.5596444,-1.1348552,-1.7467116,0.5584442,-2.3236961,-4.612612,-0.62006694,-4.944747,-8.905547,-2.2763867,-2.5355127,-4.8512783,0.10709084,-3.8445263,-5.5180306,-4.166678,-4.494174,-0.7380222,2.2790442,3.904908,0.62461096,-1.5001814,-5.358104,-5.6370845,-3.866422,-4.712343,-1.4676183,-2.819113,country
-101.28809,84.139015,7.751808,30.383917,13.85436,11.632601,-0.111759365,-4.9390707,-2.3706596,-1.9748868,-8.187719,2.8250735,0.54670924,-6.795643,-4.3111024,-4.577833,-9.847294,-5.69036,-10.405995,-7.5132923,-9.252596,-6.5968556,-5.1477485,-2.0462542,-0.61944914,-3.6811943,-1.720511,-2.841424,-3.451704,-1.6491524,-0.6615573,-0.76795065,-2.8681762,-4.682634,-5.461381,-3.9673593,-3.564751,-1.9580331,-0.14591967,-2.84836,country
-101.19903,85.43055,-19.69571,20.584856,9.973624,7.594193,0.10405616,3.4054382,0.046411693,1.5777521,-1.4500952,-1.2814345,2.1464107,-4.794343,-0.31705374,-0.42996433,-4.8876414,-3.0000093,1.0770749,-1.4569033,-4.7548685,-3.2423892,-3.3195214,-3.420195,-2.1088026,-1.3872784,-5.713298,-3.8361692,-1.8884493,-1.2410417,0.68087316,1.9715554,-0.9009062,-1.7445631,0.2501411,1.3551513,-1.7397851,-1.0897971,0.52155536,-0.8398584,country
-162.72116,119.81048,-2.8799527,20.506134,27.808872,5.485367,6.040956,1.204544,-3.6995325,0.34238568,4.411625,-0.4080613,2.4593601,2.1353858,-1.6038625,3.629129,-3.4621627,-2.5598269,5.6417904,-3.654727,2.037905,5.4445553,2.2803018,1.0713981,2.1903598,-2.1371114,-3.4091892,-3.2069304,-0.33200082,-1.7092854,-2.654169,-3.445769,3.4375174,3.2564256,0.053269282,-0.8176321,-2.7494228,-3.028098,-3.7437565,-3.1634321,country
-61.2354,71.26333,-17.042137,17.118322,5.0581465,-4.2047887,-1.6676309,1.1733668,-0.8542966,4.976347,-1.695669,4.845418,-0.15781678,-2.079404,-0.27295628,-5.311601,0.23376086,-0.1008811,-3.937658,-0.92281747,-1.5810306,0.1249185,3.05923,-1.2171178,-1.9909328,-2.151988,-4.238713,-1.0083575,0.12129074,-1.0513031,0.4476558,1.1493617,3.7458737,4.623794,-0.18886204,-2.9952395,-4.7874293,-2.9573042,-2.3331542,-2.6147048,country
-126.891594,103.492065,-31.892567,58.719326,-1.9583547,-3.130634,-2.9370546,0.36575222,-3.0380833,-0.8297626,5.5851655,-10.142879,0.73231673,-1.6198152,-10.050463,-5.2108836,-9.042455,-4.738783,-1.0380155,-2.8514986,-6.74095,-1.5227624,-4.497862,-0.58134246,-4.0069985,-9.304189,-6.782304,-3.8364356,-4.3503785,-4.98456,-1.0638866,-2.9743738,-4.1584725,-3.1141372,-3.4948096,-2.4157336,-0.84145343,-1.7860903,-1.4595112,-2.6328597,country
-165.51901,117.87926,-33.606743,42.623318,-1.384882,3.8313906,7.169803,-7.170014,-1.6314924,0.875455,-12.514056,2.894263,-12.372037,-1.3238244,-6.636533,-8.864955,-5.1069417,-8.079848,-4.2646637,-0.15898137,-4.136034,-1.8235124,-1.6365824,-8.104546,-2.2324471,-5.022883,-2.7495332,1.9674344,-3.724032,-9.19167,-11.017448,-7.629777,-2.6056542,-4.311897,-5.099563,-3.5003552,-6.6552267,-3.7273698,-5.624909,-6.4401684,country
-149.00017,107.243805,11.1901455,26.698795,11.405787,-3.808101,14.028653,-5.8929505,-11.049588,2.8112707,-8.445196,3.1889074,-0.77371275,-12.404469,-6.286398,-3.299155,-8.16863,-6.5842876,-3.6775792,-2.967854,-6.451838,-1.6198095,-4.8168683,-0.53314805,-3.8756235,-2.7092085,-0.6728255,-2.1655538,-0.7750684,1.1111364,-0.6471412,-3.247335,-4.6575685,-5.286854,-4.386989,-1.8306477,-1.9102755,0.71848226,-0.50956315,-1.191063,country
-109.98737,134.74861,-24.026144,19.394617,-4.407176,-4.8148885,-7.800573,-0.3937005,-5.415932,-2.957,0.7814668,-4.776981,-0.1722172,-1.690577,-2.4042225,-1.9624149,-6.938368,-4.073903,-1.955714,-5.792825,-4.5939803,-4.180448,-3.0864613,-2.3244326,-2.8695414,-3.0439358,-4.417151,0.45850158,0.2643527,0.9903782,-1.8897835,-4.784775,-3.2942483,0.07352744,0.4781646,-0.5907288,-2.2822845,-4.7959757,-5.9844003,-5.0633664,country
-143.12674,121.898,-13.34437,47.77785,-12.660496,23.372252,-10.994921,18.8561,-13.706635,15.950975,-11.356477,10.2887,-6.002485,2.7361474,-9.286325,4.5047164,-8.325129,4.522384,-6.035288,-2.3523781,-6.2277966,-1.1301085,-1.1470711,1.0991149,2.615948,0.25850794,6.0089192,4.8466926,0.39199826,-1.3598566,-1.9406263,-0.32178724,2.511593,-1.6342506,-0.8028837,-3.3756638,-3.0474274,-3.2773528,-0.121845186,-0.0051585925,country
-204.71436,121.91577,-17.742798,46.3246,-1.7955848,17.031994,-14.699761,14.667406,-19.3929,10.903635,-13.47471,1.2002158,-6.213006,-1.6907123,-8.696857,-2.5127735,-11.3285055,0.16912653,-7.287028,-7.5118117,-2.1904233,-9.841043,-9.06055,-13.377586,-8.100988,-10.358185,-3.911628,-1.8606251,-1.569763,-2.922025,-2.0864832,-1.8888825,4.6328497,0.94268197,0.25078958,-4.870749,-5.723819,-2.7266269,-2.1084936,0.9734961,country
-265.27585,138.8598,6.1417327,47.49592,-2.3968022,21.038162,4.086074,17.653969,-12.029909,15.491059,-1.1331513,7.8893595,0.49858144,-0.23055445,-3.869981,4.0625024,-3.1115553,3.003197,-1.4015294,-1.495099,1.4535683,-0.49728993,-5.614167,-4.116363,1.1633736,3.939056,5.0243053,1.8450835,-3.000764,-2.2558272,4.207083,1.7215602,1.6679629,-2.9111507,-2.9810936,-3.856533,-0.9757694,2.4433937,4.1824293,3.6681721,country
-84.74407,100.98661,-16.020493,51.761948,-17.082294,22.577103,-20.299927,18.914927,-19.492683,15.328482,-17.741413,8.583118,-15.000552,6.4369044,-10.276651,3.2850342,-9.550155,4.0466037,-5.595068,-0.7083238,-7.8520145,0.16015427,-1.3506558,1.315848,-3.093058,-3.83255,-3.4862301,-4.932156,-3.6618576,-3.0305147,-1.3366942,-1.0682902,-0.78226805,-3.5287066,-0.23740382,-2.7127826,-1.1745774,-0.8763785,-2.7944107,-5.093736,country
-175.0163,115.70678,5.106449,58.160652,-3.3279543,29.664284,-10.028762,19.65578,-16.30351,13.737743,-8.81984,7.2240396,-8.89276,4.749918,-11.4932785,0.91233075,-8.153264,1.1864226,-7.9808745,-5.64686,-1.9503841,-0.2419115,-0.28396177,-0.1833892,3.7788086,-1.9880145,-7.8119035,-4.0880136,1.7446257,4.3696322,0.495384,-5.1421437,0.54624444,-2.3160338,-0.0749789,-1.4156243,-0.09548912,-0.29198983,-3.979223,-4.003422,country
-82.962616,122.53281,-16.658556,40.01591,-15.007229,21.670378,-18.256283,18.361864,-17.988773,16.991611,-16.039673,8.533731,-8.706783,10.766552,-4.624802,7.2375846,-7.6094975,5.294872,-5.5172386,-0.17936279,-2.3033905,1.2699792,-3.5168962,-2.192416,-1.889872,-5.518275,-1.6812893,-0.07016238,-2.3880804,-4.1819005,-2.3268902,-1.8301061,3.8480973,-0.78609884,-2.2069604,-5.432887,-2.5268993,-3.5567653,-1.1473974,-0.42520866,country
-164.79193,123.42043,4.2346554,48.788734,-5.1513314,22.844551,-7.8052983,19.294296,-11.024414,21.256271,-9.740571,5.1541314,-6.1411104,5.4141016,-9.923706,3.9135342,-7.3264356,1.3926399,-8.839242,-3.7414536,0.87666214,0.752111,-3.4303632,-6.75932,-4.092579,-1.3308825,1.5166495,-3.6149178,-7.0837364,1.9984025,9.474632,4.781123,-1.3143653,-9.361636,-3.6333685,-5.908869,-2.4937816,2.4864538,6.667024,3.1064558,country
-137.88376,121.523895,-13.267188,43.318726,-10.709389,17.858778,-7.9495444,9.089492,-19.792675,9.440965,-19.59838,6.907874,-12.543895,-0.75563157,-9.14944,1.4457074,-8.303117,-3.7529554,-6.868935,-0.48034742,-8.6046,-5.070842,-0.96373963,-0.65649897,0.7704,0.56636107,-1.7048533,-5.270111,-7.208871,-6.8501387,-2.7645605,1.1943371,0.33891368,-5.9610057,-4.4723973,-3.861135,-2.6878057,-3.4572275,-2.1937609,-5.475977,country
-101.38996,120.45385,-0.4065886,49.042423,-15.863629,19.873766,-13.09437,18.574188,-15.706969,15.254118,-5.906844,6.647349,-10.359329,7.0859585,-8.217058,6.200715,-8.389563,2.92007,-6.6528344,-1.3233209,-3.8434296,-1.6202797,-3.3898609,-2.069619,-1.6349051,-5.639468,0.6653087,-0.013630681,2.578096,2.8010216,0.8687473,-3.8373528,-5.2922325,-5.792115,-1.9396721,-2.467939,0.70457596,-0.102824636,-1.2797168,-2.8708572,country
-185.1138,120.50994,29.717457,56.400288,-3.0346627,22.222614,-10.344739,20.05401,-13.685051,9.170436,-6.4285355,3.2967808,-8.737772,5.0113964,-9.227386,3.7786367,-10.20193,5.912037,-4.4247093,1.5817283,3.9120398,4.4856586,-2.0782743,-2.9723935,0.28493404,-11.119875,-6.020569,-3.1042285,-1.1525666,-0.11266752,0.37289768,-4.385718,4.1037316,4.5975666,3.7067962,-0.8403504,-1.8864675,-2.4230669,-5.1768937,-8.099527,country
-178.51938,130.13269,12.088971,47.051086,2.6224906,24.094347,-4.627712,22.772083,-10.941142,13.539126,-6.809723,8.71216,-6.0909204,4.079459,-5.152722,7.8594203,-5.2554727,3.956895,-3.1399353,-4.3878207,-3.079879,-2.6364589,-6.178353,-8.278893,1.5380056,0.95852065,4.9349284,4.2427363,2.8662922,1.0680362,4.503541,-0.34270287,-0.9225126,-2.3942838,-2.1948507,-2.6747706,-1.8394768,1.6546146,2.9302518,-0.98519135,country
-186.39238,135.86008,5.928499,45.8605,-5.766276,22.786795,-13.002946,17.122374,-13.756378,9.734512,-8.368887,6.6592274,-9.09154,5.4229984,-6.853948,1.548852,-8.558102,5.4474525,-4.363458,-4.7068315,-4.245798,0.047429062,-3.092863,0.3185113,4.2236557,-4.37857,-4.5977907,-6.0038643,-0.4752336,0.8645822,2.8809955,-1.1289048,-1.0979122,1.5132188,0.70533854,-3.8595867,-5.698253,-7.1449876,-5.9327927,-8.380914,country
-94.09417,109.16863,-11.849951,41.56547,-19.475983,23.831959,-19.935585,20.37475,-17.281992,16.585617,-10.199128,9.392067,-10.051934,7.805495,-15.095587,3.2743928,-10.467718,7.547814,-5.5502324,2.2327805,-3.1363044,-0.7579197,-3.5100212,-0.20325905,1.8634247,-5.2987366,-1.81454,-4.9022856,-6.71759,-6.063732,-0.6181992,-0.6021609,-0.15374081,-3.4484067,-1.9680803,-2.5922472,-1.3623048,-4.1634965,0.7825314,1.0841881,country
-185.4226,118.46735,17.79529,48.887688,-2.1608067,21.37011,-9.001162,20.535988,-11.416626,9.282178,-5.4816723,5.754808,-2.9795713,3.4514766,-6.0777125,1.2669606,-5.9532437,7.072019,-2.1684468,4.8688574,5.5179577,1.3681053,0.4451385,2.0359538,7.7840877,1.3382902,-0.3083837,-2.463816,1.8503777,5.0074363,4.646402,-6.0927706,-4.9028163,-4.771303,-1.9747212,-3.602156,-3.4581084,-0.8993217,-0.88798386,-0.26079914,country
-217.74222,128.34692,-7.513693,39.265003,-2.5556233,18.173012,-15.166711,16.770924,-15.265888,4.8992114,-6.5137625,2.8973582,-11.506306,-0.10554188,-10.6238,2.2620766,-9.167437,6.8667727,6.2359557,3.369279,4.5602636,-1.7122186,-6.925546,-7.241502,5.213065,-1.1236005,0.35642976,-1.424799,-5.474858,-8.160872,-0.63734627,-2.952301,0.03232619,-8.804817,-4.6376595,-3.3279815,-4.2189693,-1.5903445,0.55148375,5.784955,country
-250.87863,163.09831,-3.8807104,30.153528,5.5764227,7.4960384,4.0248203,-2.1106052,-5.47041,-1.0583411,-9.981246,1.8183817,-8.760416,-7.0439935,-4.2151723,-8.841512,-7.4048424,-3.3014638,-5.14065,-9.97036,-8.499533,-9.5061455,-6.045834,-6.428818,-2.523612,-3.9411187,-1.9555894,-1.9423456,-5.808117,-6.0797024,-2.0357356,0.9139535,-0.8315648,-0.53956276,-1.5153797,-4.1799393,-2.7253888,-2.626762,-4.94461,-4.481211,country
-102.51608,135.7217,-46.895443,32.746292,-11.16036,23.465744,-9.766422,16.901648,-11.6851015,13.207406,-7.183144,4.735628,-8.202425,2.6096551,-2.9877625,6.8062387,-2.078867,3.2920246,0.28343812,-4.21877,-7.7791667,-7.089097,-5.1270905,-4.342164,-1.5724313,-5.3592873,-4.4644175,-7.0508914,-4.261122,-0.90720785,4.9273815,-0.6967551,2.1819208,-1.0201042,-2.7269669,-3.5059562,-1.0701205,-3.020654,0.17446096,-2.2486756,country
-328.72546,167.05113,12.98839,28.820633,11.24606,14.4267235,11.705959,7.8041215,-11.729084,2.3853812,-8.347571,-3.857314,-6.7459235,-5.7640853,-8.251607,-4.5495777,-1.0538641,-4.6060276,-2.8582494,-2.2324877,-1.5355785,-3.5052238,-3.954983,-3.2440948,-1.5988802,-4.916898,-2.9991395,-2.58178,-4.1275644,-1.3894905,1.5534862,-1.6639947,-1.1887785,-2.4176562,-3.3149376,-4.1021514,-4.958359,-4.0428495,-2.9522047,1.7869705,country
-229.4689,157.31282,-16.762049,31.879862,-0.11036961,16.656443,1.355172,12.223305,-3.8625047,6.8392324,-4.2632265,1.3375679,-5.8956633,-4.0342126,-5.2549577,-4.548437,-6.8075137,-4.4060035,-4.17981,-6.349776,-5.3021064,-6.9197936,-4.633666,-0.33346575,-1.5938808,-4.900685,-6.369932,-8.455381,-4.216696,-0.4194012,3.539337,-3.3019917,-5.616375,-4.4611483,-0.09121657,-0.72008616,0.667088,1.4903706,-1.1987908,-5.1209245,country
-217.16397,136.1694,-10.362346,51.38904,2.612237,15.127788,-0.6809201,12.287425,-6.2264233,7.8023224,-5.409079,3.6247036,-2.807217,-0.36028755,-0.559721,0.3629966,-2.252891,-2.4962318,4.193677,0.35145858,-6.1781325,-8.411091,-1.1888926,-1.3453203,-1.1497614,-3.8287067,-3.5884488,-8.081447,-3.3007166,5.8739734,1.034392,-10.824253,-3.2223818,1.3728002,-1.9096884,-1.4782681,-0.53457564,-1.8953279,-4.36206,-6.5938935,country
-99.32007,117.56864,-29.88463,40.83229,-15.2631445,27.98068,-11.955396,13.331403,-11.367624,10.538834,-8.748048,8.41087,-6.844215,0.43953547,-5.308865,1.6441805,-7.3530955,0.5184658,-1.4642422,-5.9269967,0.3833411,-1.4237974,-2.319817,-2.5149183,-1.9140557,-4.526212,-0.045476906,-3.6283045,-2.162031,-4.3708124,0.40764785,3.8667536,3.7056806,-1.5095061,-3.6057718,-3.587524,-2.2864635,-4.119393,-3.030097,-2.0717797,country
-185.85666,155.29944,-25.034077,20.532516,-3.8348439,-0.60029304,-4.568851,-5.914592,-16.53805,-0.45218396,-16.302254,-4.213608,-16.815842,-4.541953,-8.360623,-9.983514,-7.767914,-8.343301,-6.8449097,-10.1993475,-7.1936135,-6.4087157,-6.094166,-0.050644726,-3.408473,-7.231537,-5.0448647,-5.7657413,-1.2334247,0.6149098,-2.2435567,-4.157463,-3.1969473,-0.39958942,1.3723639,-1.3687618,-2.765064,-4.9416056,-3.053941,-3.528715,country
-96.28298,131.92026,-26.322138,35.98216,-22.80771,14.489158,-11.834168,11.80155,-21.218061,11.527785,-12.925014,7.1762304,-13.93854,2.9490716,-5.0274935,1.5300583,-4.385612,2.545406,-5.3661113,-5.97007,-9.437842,-4.1802206,-4.5337887,-0.7023923,1.4771203,-2.700295,-4.291842,-7.211196,-5.779149,-2.119193,1.1457362,-1.4676834,-2.9230604,-6.631606,-3.416385,-2.551302,3.8392992,2.996717,4.4076424,-0.7068779,country
-167.00983,132.44342,-17.294891,46.932304,-3.6503565,20.946674,-8.830444,8.546585,-15.151556,8.105514,-16.944101,6.6470175,-10.924017,1.1016005,-6.29374,-3.6414769,-7.382185,-2.170815,-3.8498697,-9.668263,-0.65809786,-4.126983,-7.8931413,-6.77016,-5.9514165,-7.1994047,-2.3108754,0.109283544,-0.76730037,-5.2551637,-4.304127,-2.7945213,2.5610213,0.8192486,-1.8054299,-4.852795,-4.5787463,-7.2989984,-2.697393,-0.87982005,country
-207.27617,130.94698,-18.496767,33.299126,-3.9221637,15.393467,-6.383,2.9519515,-16.786154,7.084849,-8.59407,4.79565,-12.250599,-1.0214049,-4.5420403,-6.0667114,-5.5392537,-2.364517,-6.528938,-5.895574,-6.9404526,-8.588792,-6.5302997,-5.026389,-3.8371723,-6.9893184,-0.53624374,-1.7688351,-0.36727548,-1.116464,-5.7438188,-7.4597054,-5.1618533,-1.5357586,2.6438367,-0.70271873,-1.8517615,-5.3982606,-5.3258114,-4.924949,country
-60.84931,105.47066,-16.914597,40.70118,-15.038137,36.0463,-12.818775,17.483316,-16.755318,11.757576,-10.130224,13.194359,-12.209436,2.357671,-12.200347,6.448179,-1.7883275,6.329572,-1.3351495,-2.7925978,-8.611224,-4.580114,-4.3117576,-1.1696683,-5.3480077,-1.5989095,-3.5210814,-7.3964314,-3.4027913,-4.6412706,-2.8015983,-2.897134,2.1249886,-2.456278,-4.1559396,-5.1879883,-1.6015043,2.228786,1.2838005,-6.7112746,country
-183.97171,159.81995,-23.17131,43.053974,-9.468154,8.831391,-1.65151,4.351795,-13.370459,0.8398634,-13.976324,1.442853,-7.390412,0.61094105,-3.3870335,-3.5861695,-9.068071,-3.1647353,-4.070173,-7.0531178,-4.817473,-7.968901,-4.557824,-2.6352856,-2.5399656,-5.497773,-4.627711,-7.0993004,-4.343682,-3.2739968,0.0386071,-3.6930823,-4.5872893,-2.823866,-3.5935135,-3.8032377,-1.6184362,-3.9650426,-1.8207161,-1.5891087,country
-118.23319,152.94319,-46.513092,31.120495,-17.286913,6.2773314,-3.6798625,13.048771,-13.126935,15.706044,-13.076928,5.701762,-10.694594,0.9979592,-6.701846,2.5876033,-9.8034315,0.1606014,-3.4548173,-7.419519,1.5569595,-3.286197,-7.660005,-5.381037,-3.242332,-3.8877857,3.9802394,-1.6608726,-3.5732472,-7.377355,0.43736798,1.7623546,-1.1978402,-5.2416234,-5.1024094,-8.135576,-1.9326085,2.1987007,5.5331135,3.3429797,country
-302.58185,150.15967,-3.7027957,26.923807,-0.26331577,13.522553,7.2485623,4.217868,1.7668283,6.563311,-0.48897058,7.8965797,1.32933,0.47706717,0.07484705,-3.2051349,-1.8265169,0.874435,0.5740033,-3.1530657,-4.892617,-2.8661017,-0.9133178,-2.2380712,-0.5596136,-3.3363178,-2.74754,-1.7124654,-0.35445666,-1.9027953,0.115886085,1.1373768,-1.6333301,-1.0704516,-3.7078598,-3.1578538,-1.936929,-3.9422057,-3.9899096,-1.2513086,country
-229.1472,180.35635,4.520906,24.184404,1.1109347,3.9924355,-5.9960327,1.8722159,-13.136269,0.004707171,-13.499958,1.5836844,-13.435798,-5.6945286,-7.607403,-9.802795,-3.7803762,-4.796636,-4.7147093,-2.9630823,-1.7383662,-3.450488,-6.1521664,0.121483065,-0.027241237,-2.6225972,-0.76102906,-3.783502,-4.6939197,-4.670666,-2.7823303,-0.71679085,0.4664921,-1.4241339,-2.3398812,-1.4543073,0.51838785,-2.9138591,-2.6135235,-3.201887,country
-100.95596,111.60762,-13.152134,44.59755,-5.9610395,29.337101,-7.956897,19.591026,-22.446842,17.270527,-17.831654,11.408343,-12.451892,1.6513624,-8.525837,2.7190504,-7.307457,4.8687754,-1.2129419,-1.293074,-7.361269,-3.1210723,-4.6591926,-1.2158306,-3.1400208,-0.36337024,-1.7572541,-4.01768,0.24597144,-0.730452,-1.38264,-5.4469132,-3.076494,0.82372195,3.4772975,-1.7576224,-0.07863879,-1.5420766,0.21553378,-3.963508,country
-74.1483,107.63804,-21.198166,47.234455,-5.976316,17.812094,-20.399551,14.992423,-15.965241,15.734073,-14.664024,10.681491,-10.128547,4.4502964,-7.654799,6.92382,-9.014679,4.1666946,-3.7480404,-3.5929134,-7.0650187,-0.6498486,-4.2194433,0.05542096,-0.1623576,-2.6890051,-3.4216769,-1.6149932,0.6598303,-0.87398046,3.0740972,2.3123562,1.6913193,0.52755797,-1.4316586,-5.277044,-1.9711174,-2.6033988,0.40420708,-1.6474571,country
-68.62351,101.354126,-16.908741,51.526352,-10.228339,20.050032,-21.784992,15.52476,-18.795237,16.359053,-17.893854,12.126648,-13.205328,3.8833306,-8.886961,5.021148,-9.8277445,6.5361466,-4.506943,-1.8084135,-5.598571,0.065277286,-6.657605,-0.99273556,-1.6057072,0.17610589,-1.88778,-1.2539228,-2.303143,-4.2598357,-4.925801,-4.4340467,-0.029167105,0.64957273,1.9523109,-0.53260696,1.780752,-1.792104,-1.1487628,-2.816017,country
-148.55994,141.2805,-15.883042,44.65507,0.9918709,13.662191,-13.240343,12.651497,-11.702235,12.159911,-10.476022,9.908224,-5.055813,1.3398417,-0.5577618,2.8566842,-8.09752,2.1134841,-2.4832213,-4.4316597,0.88734037,2.694281,-2.059161,-2.6867058,-2.400093,-1.8864666,-1.755051,0.404495,1.6620438,-2.2748196,-0.5116652,-0.16343835,4.7000895,1.0724312,0.8112464,-4.2211266,-1.1870972,-3.7408307,-3.280424,-1.7463654,country
-80.2364,108.186485,-23.827435,52.60141,-6.424085,15.064198,-17.635906,9.739016,-16.176489,8.906126,-15.964033,8.001827,-10.704085,4.5692387,-4.96035,3.9968152,-9.807707,2.6804268,-8.185659,-5.2396874,-4.4838033,-1.3113916,-5.286476,-0.90589756,0.7532115,-1.8674451,-2.8641825,-2.643632,-1.4536585,-4.005783,-1.7379189,-5.4175363,-0.6527053,-0.28373578,3.8484938,0.7989647,1.5943664,-4.202244,-3.0347817,-3.381639,country
-146.04881,124.6481,-17.922836,49.225048,-0.17947549,22.789757,-7.1734586,16.74798,-9.723663,15.444623,-7.621331,10.908756,-3.4551363,5.422265,-4.9359694,5.122743,-8.049169,2.6350684,-1.8498029,-3.4177577,-0.96280277,-1.0823772,-3.1819634,-2.740658,-0.5247879,-3.2606142,-1.3064314,-0.9962021,-0.33243993,-2.9171739,4.2707443,1.4125164,0.1605654,-2.8029141,-2.183617,-5.563206,-1.0777291,-1.6305368,-0.64050555,-2.4412925,country
-122.427414,111.48314,-13.694294,53.828403,-2.6777656,19.67755,-14.138923,13.743676,-14.016459,14.626713,-13.9932165,9.218205,-10.559242,3.0057266,-8.314941,5.0736394,-9.646631,4.321747,-5.6819005,-1.6688946,-3.0244439,1.4532624,-5.2441015,-0.1624053,-0.6875586,-4.0975213,-2.9220476,-1.1325752,0.021650616,-0.73893255,0.8712276,-3.4370072,-1.9014212,-4.3616915,-1.7525111,-5.026951,-1.432329,-1.2874284,0.47063798,-2.3418646,country
-170.90068,124.81326,-19.262192,39.2072,-3.7551055,15.289897,-12.972992,8.530165,-11.833667,11.321371,-13.773079,3.102464,-10.078784,2.897005,-5.484683,2.5281568,-9.198529,1.0730368,-3.5728164,-6.7214923,-4.111909,-5.518694,-6.997675,-3.070679,-1.5793918,-5.858362,-3.3232486,-1.3074024,0.4898059,-5.708413,-4.788753,-6.689553,0.3426303,-0.4859048,-1.1667153,-1.0370909,2.822549,-1.7655139,-5.1472993,-4.4150386,country
-121.94322,123.237656,-8.495369,51.596375,-0.10351302,20.407,-11.87541,16.275984,-11.508769,11.847224,-8.085656,9.13035,-8.638808,5.559069,-5.714605,3.9428213,-5.466577,4.9758854,-3.035579,-3.316732,-1.7722329,0.47548512,-3.1448615,-1.9980178,0.88350993,-2.0594025,-0.9952166,-0.7871294,0.8383225,-4.218636,0.38484702,0.2281583,2.1940215,-0.9136939,-1.4353192,-4.151224,-1.1913127,-1.8266515,-1.4066843,-2.1112747,country
-205.14923,140.98761,-8.957966,36.979443,6.4254427,14.875375,-4.3181176,12.232446,-11.431657,11.850926,-7.9033823,9.912311,-2.3516498,4.477267,-5.011018,3.1385374,-4.525136,2.6503336,-3.1228738,-10.712697,-8.787434,-3.1931477,-4.179393,-1.4317793,0.65193325,-0.35456985,0.6774713,-3.4706836,-3.2043314,-0.9120127,4.831374,0.31955108,0.17824425,-5.64393,-1.673648,-3.0568867,-1.2069355,-4.0407677,-3.6610165,-2.9432464,country
-91.68523,115.86115,-30.200949,52.273148,-5.025164,16.953514,-15.656587,13.539407,-12.762941,15.969125,-11.969896,11.058928,-9.962004,2.0955365,-7.8270206,5.0337253,-7.3030443,3.0504677,-4.442384,-2.2333906,-1.548953,0.19546703,-2.1467261,-2.1610255,-2.707272,-4.965763,-1.7200544,-1.3488744,2.4249353,-2.1392434,-0.16192806,-5.0517397,-1.4813433,-0.6678618,0.8428209,-1.6112567,0.39109737,0.8437517,2.3791573,0.6861202,country
-193.78868,125.56074,-20.924124,46.338,-2.6854317,12.833369,-6.6019344,10.727056,-10.907483,6.109273,-9.442732,5.163946,-3.658497,0.3212968,-8.018199,0.397922,-6.5234594,1.1838378,0.7200208,-5.210151,-5.5103526,0.9687444,-2.6066895,-4.07127,0.6607469,-4.7365313,-4.923421,-3.732846,-3.9013705,-4.309693,-3.9536564,-7.299035,-4.2287393,-1.4820491,1.1667475,-2.5879896,-2.778685,-0.7885863,0.55974627,-0.8307841,country
-50.77633,96.71716,-24.326113,66.076126,-14.680636,24.391264,-21.017485,12.469586,-18.131817,13.267165,-12.802163,9.798451,-11.344081,4.923647,-7.846176,5.73902,-10.303221,3.7310996,-3.2382276,0.38193187,-4.3960514,2.9456873,-1.1401641,-0.6286623,0.78105354,-1.1494449,-5.6941824,-2.5671601,2.739976,-3.545482,-2.3229432,-3.0800276,-0.11166023,-0.31540862,3.915705,1.7776979,3.832743,-2.4361277,-1.836892,-5.41846,country
-213.60236,117.2127,-21.871769,45.657654,-10.274458,5.060315,-11.910965,5.567856,-17.804632,0.18699962,-14.165857,-1.1532573,-10.306384,-4.0470605,-6.6340666,-5.4173846,-9.716231,-3.2029138,-4.448395,-9.152062,-6.671411,-7.1166644,-11.5970335,-9.576951,-9.5571165,-13.276853,-10.572107,-7.2603483,-4.795033,-7.3923545,-3.793222,-5.765719,-4.1850395,-0.99259716,3.163857,0.5165221,1.7265787,-3.166592,-5.2942085,-8.206416,country
-104.37176,136.39383,-20.940239,52.86117,2.025889,20.42771,-11.619367,17.663803,-15.735388,11.049825,-11.3204365,3.6714113,-6.4964943,0.03771146,-2.041168,2.1937988,-7.11224,1.8450243,1.6776915,-1.4936905,-3.4628997,-1.5773348,-5.5488076,-5.25032,-3.1267223,-3.6948953,0.09793561,-1.9264879,-0.5228423,-6.6103644,-3.9302366,-2.6235518,1.335354,-1.9644772,-1.2281954,-2.2840576,-1.6805345,-3.5829096,-1.5532178,-1.0688208,country
-124.83957,127.38223,-23.38181,47.360462,0.56311077,15.991255,-9.954186,16.180136,-16.72955,6.785199,-8.187069,3.2049856,-1.5920391,-2.1546216,-3.5263736,2.2071302,-1.40757,-1.689278,-1.0261394,-2.6274633,-4.5486197,-1.3474739,-1.7141846,-5.788303,-2.656728,-5.0475316,-4.7508516,-8.549234,-2.3158832,-2.7531052,-1.0076032,-1.8194213,-0.32130858,-1.2446098,-0.15191141,-0.8711191,-0.028041214,-0.8754542,-2.510273,-3.329155,country
-69.88548,124.21146,-32.470196,47.69471,1.3983785,22.617672,-8.754297,21.44351,-15.66597,15.7432,-12.427223,9.581969,-9.056125,2.8903322,-3.1964304,5.8301554,-5.6160216,4.165293,0.120360665,-1.7134392,-8.048438,-1.9820634,-4.173983,-0.9258831,0.9668579,-2.3620849,-8.144774,-5.486791,2.0106995,0.5955021,-1.5364856,-9.2287035,0.1161688,3.0940988,5.420316,2.5857584,1.436715,-6.004902,-5.1205926,-4.594774,country
-148.44179,126.859146,-19.540855,52.85061,8.579708,17.89102,-8.081845,17.78146,-15.505312,13.504544,-10.957894,9.476343,-1.9246048,1.8717725,-2.6637003,3.3802795,-3.5191011,2.1003568,2.08825,-0.1079625,-4.140686,2.4291792,-2.4441657,-5.4103746,1.143227,-1.358857,0.06199627,-4.839858,-3.024765,-4.693178,-0.023372212,-0.14022286,1.006366,-0.74330634,-1.4078126,-2.718954,0.27153316,-0.73065245,0.90987146,0.88436764,country
-139.62306,128.79353,-20.24936,49.443615,-2.1603603,16.988024,-8.355296,9.8182955,-20.150694,2.5017846,-11.247767,3.766037,-6.4246874,-3.3514197,-2.895395,1.9763131,-4.1829424,1.3833525,2.4402025,-3.6237288,-3.8473108,-3.2478359,-5.4337015,-3.3492465,-2.8688185,-3.8843,3.1284494,-0.99758136,1.5877976,-2.8336794,-4.6809382,-6.023975,0.40334657,-0.21489389,1.29173,-1.8765789,-1.6540989,-3.7833414,-0.9052913,1.5499024,country
-42.16572,106.27832,-24.220882,44.671467,-12.335061,20.518545,-16.044445,18.488562,-18.781012,15.5109,-15.4647255,8.930742,-9.987847,6.9245358,-8.796885,4.5718284,-9.043404,1.0606868,-6.4489336,-0.9913764,-5.983613,2.552241,-6.1682467,-2.5383778,-1.0891871,-0.6686824,-1.0521147,-1.511858,-1.4973861,-2.2057643,-1.7523025,-7.9201922,-5.165845,-3.0653703,-0.44483802,-1.0812185,0.51205206,0.12657094,3.5906925,-1.3158369,country
-111.17791,94.0352,12.515315,16.74026,8.181678,15.667253,-1.3758588,7.0394297,0.97360957,-1.4805396,-3.0693026,-5.068189,-3.6841273,0.23450817,-2.0857089,-1.8237208,-5.340757,1.2517449,-5.591701,-3.628164,-5.3930163,-1.5310447,-2.843188,0.9801054,-2.283769,0.9403808,-3.4406312,-1.1373459,-3.3827467,-1.4759929,-2.923832,-3.4581969,-1.0308781,0.25081754,2.708643,5.101598,-0.5250281,-0.6686186,0.70123553,0.51192087,disco
-28.934706,51.971786,-7.6104946,21.605562,8.12836,18.120981,6.8754973,6.5840025,0.7281347,11.147646,-1.8413451,1.6686252,-2.6266403,-1.3988687,-3.6203117,0.19592611,-0.5023108,2.492097,-3.4764965,-0.12979732,-2.3839777,2.2997155,-1.3588569,-0.86517394,-8.101484,-2.352799,-0.44228834,1.708217,-3.0637877,-5.20997,-1.8164383,1.9731135,-2.1837938,-4.1307855,-5.149978,-5.5735364,-3.3287222,-2.8261478,-0.9347812,1.0163021,disco
-53.18525,57.178467,21.168882,11.324465,18.122362,1.6665678,0.34381616,2.3196,-5.1097407,2.7499392,3.1528792,-5.519139,-3.1672285,-0.5232683,-2.650019,-1.9904132,-1.2388086,-3.371039,-3.7308135,-1.440452,-0.6719906,-5.2438664,-5.6434565,-7.1546264,-0.112751916,-3.3320208,-1.6417586,-2.5976093,-1.7472353,-0.8913132,-0.22370031,-5.9413805,-5.4593697,-4.2821436,-5.260548,-4.3143334,-5.5262055,-3.6406205,-2.688232,-1.915605,disco
-44.234295,52.219402,3.3025827,43.808002,12.616858,24.422096,4.970884,15.33408,2.0627646,10.375376,-1.5161042,8.84058,0.42485902,4.697436,-1.7848297,2.9537394,-2.0194726,-3.3882825,-4.194432,-0.42168608,-3.530586,0.088616386,-2.2819185,-1.7181319,-3.1153972,-2.265804,-3.5059373,1.0327843,-1.6593673,-1.0721124,-1.3154135,1.1732656,-0.5384542,-0.84250396,-3.5900931,-4.0274267,-4.0308094,-0.934117,2.421091,-2.1792128,disco
-83.5835,64.47946,5.6559176,2.7011647,0.7903161,6.1708026,1.8922688,1.9798596,-1.8164448,1.8574665,2.4598765,-0.22793381,2.9555101,-3.3824587,-0.87964565,0.044985436,-1.571096,0.55798125,0.30237284,-2.7803586,-0.8357338,-1.305975,-2.5153327,-0.57741797,-2.7079747,-1.4071462,1.6555822,3.0937417,4.578369,-1.9768951,-0.19882178,-0.40951908,0.5725157,-1.5695233,-0.3245225,-0.4134051,-2.9635437,-0.47750655,-0.4656767,-1.485,disco
-24.691769,73.7432,-11.558471,28.394289,6.2409563,2.4656215,8.6340885,12.309108,-4.102859,13.385866,1.9154304,-0.97336847,0.60836476,2.3642092,-3.7914464,-0.933468,-0.88562834,-3.4995823,-0.97060335,0.11684973,-1.0163674,0.23967461,-2.8990324,-1.173509,-3.0392232,-1.8689282,-0.4913192,-1.0327228,-4.299367,-4.418578,-2.9372318,-0.2174949,-1.0418457,-1.7235178,-3.2459621,-2.4621277,-3.3142781,-3.0302284,-2.3062985,-0.99931455,disco
-14.574394,65.21034,-19.872639,31.508326,-4.8264484,11.86232,9.994611,5.9573913,-3.8033693,9.377889,-4.387916,3.339541,-4.444171,-1.2671181,-0.8362672,-2.202067,-4.7423997,-2.6242142,-7.4693303,0.22922218,-3.3406446,-0.2600867,3.567379,2.1132438,-1.7954638,-1.6351392,-7.1381664,-2.4897177,0.9619079,-2.4971964,-9.198173,-2.4297128,-0.34924197,1.6755158,-2.274985,-3.4416828,-3.872538,-2.7786825,-2.0700715,-3.348972,disco
-53.44801,56.161034,-6.3209867,31.619057,4.6533747,16.347412,4.119817,1.8823282,-0.38823876,2.495932,-0.5415109,0.9562786,0.49564818,-0.16682085,-1.8157802,-2.5324876,0.8160483,-0.34222034,0.56009215,2.7850673,1.4227854,1.1798509,0.701116,-1.9317805,-1.1676744,1.600534,-0.59047776,-0.7378682,-1.5083611,-2.6551282,-0.39470962,-1.1953034,-3.8562217,-6.8249125,-5.706088,-4.3193245,-4.4458256,-1.6108537,-1.80438,-2.0590506,disco
-32.46717,65.00106,-26.697556,30.282536,5.7431283,11.739748,-2.1584125,10.449982,-2.361821,5.323516,-3.8081305,-0.8611962,-0.1878253,3.4654245,-3.0110605,0.43562254,-0.9314215,1.178315,0.0062355064,2.8587081,0.29941154,0.6276975,-2.2556777,-1.1130276,-2.7737308,-0.3701521,-2.882671,-3.613418,-4.2428102,-1.3980772,1.1610705,-1.3072981,-4.9229603,-0.14845203,-0.5531409,0.74554604,-0.6834203,1.3500785,0.8074483,-0.6476095,disco
-68.970566,63.131035,-15.854861,28.002192,8.1834755,7.321165,-4.936118,9.494793,-0.9736147,-1.6035986,-6.1901293,-3.9367528,-1.171013,-6.543671,-6.177693,-5.0452127,-4.4068336,-5.3750815,-1.6540104,-0.8894558,1.2302573,1.0259187,-1.73746,-3.1472433,-0.811174,-2.7047856,-1.8195653,-2.0804648,-0.6966722,-2.283913,-4.974973,-6.920433,-5.499283,-3.3385324,-4.0400505,-6.75956,-4.243665,-0.82695,-1.7565669,-3.1861842,disco
-6.7841387,61.12633,-16.656654,27.431992,7.7223644,16.008894,4.6347065,11.4495,0.336292,9.832177,3.1856217,5.025588,-1.8622084,1.482043,0.94124126,-0.43822497,-0.73169994,4.444671,-1.8448051,-0.6028676,-0.59196234,1.4568074,-0.84716666,2.075902,-0.46762842,-1.7489104,-1.6978834,1.5835364,-1.074191,-1.1064973,-1.4576887,0.64212525,-1.0546248,-0.13666248,-3.5325713,-1.4651663,-1.2032884,-0.5887874,-2.1366913,0.8386066,disco
-41.32795,62.794346,7.325327,12.125494,6.3566375,9.265047,3.09309,13.867353,0.16360398,8.0671015,-2.697001,-7.219517,-3.2453783,-1.9231242,0.5200374,-3.1877127,-5.547015,-9.166517,-10.670773,-5.9729233,-6.005093,1.2729433,-8.861771,-4.402022,-5.853972,-5.4670043,-3.9848852,-1.0034268,-1.8780079,-6.111392,-3.5878532,-2.585917,2.122104,-2.27079,-2.377418,-6.857186,-6.928194,-3.1874464,-4.889895,-4.3729405,disco
-57.66927,68.380356,-15.251751,23.414114,14.855438,13.172661,2.1979194,12.811309,0.06121484,12.777958,0.039405774,3.3698215,0.81511045,1.0514908,0.54541034,2.9783316,2.9126883,4.022737,0.52523917,1.960363,-1.4977558,2.7636611,1.2073381,2.1899307,1.2338883,0.27910495,2.61852,5.8498344,-0.40221384,-0.69519615,0.16248907,1.2187064,2.1304028,2.8965316,-1.390154,-1.2316068,-0.73216075,0.96518046,1.6330162,1.1406713,disco
-40.070427,56.20911,23.679754,31.92545,2.4516678,2.5737195,-2.4787798,3.092059,1.8828639,3.3509657,0.00014280903,-1.5209645,-2.4554946,-5.073821,-3.6762688,-7.849821,-3.0386093,-2.7839167,-7.496366,-3.6325724,-1.8727434,0.9159599,1.2581006,-1.6355717,-4.9664946,-4.121354,-3.1562214,-1.2025449,0.09021889,0.28193524,-1.3333957,-1.9960594,-0.8527956,-1.0499676,-1.2644482,-1.8182622,0.6849594,1.0266705,-1.453481,-2.818653,disco
-23.927662,61.220757,-0.95869905,25.331015,0.39423472,6.0302544,2.4890816,6.189192,-0.32926697,9.696876,-5.5078354,1.0618181,-2.4369648,-0.56662,-1.5567182,-0.8967289,-6.7337766,-3.7109935,-4.4605083,-0.77398515,-3.8919556,-4.9052196,-9.350866,-6.033331,-6.347331,-5.8068357,-5.1524935,-0.96599036,-4.206074,-3.5731232,-1.4492649,-0.7628168,-3.604607,-5.8277454,-4.408888,-3.6586003,-4.229129,-2.7096624,-0.291915,-0.4001905,disco
-46.826416,103.7258,22.146416,9.233178,2.2635014,-4.791668,4.8094583,0.95852304,-9.410542,-1.065514,-0.8630862,-5.27438,-1.7578694,-3.6494381,-4.312637,-0.086329035,-2.5016925,0.54237914,2.5184677,-3.5447366,-2.6544259,-3.515515,-3.6517184,0.0893866,-0.10119896,-3.170478,-2.1574874,-2.7703633,-1.5246161,-1.9466507,-2.189838,-4.4400096,-2.8558452,-0.21909449,-3.2197828,-2.3664346,-3.0646067,-5.168492,-5.4990716,-3.7103367,disco
-36.030983,83.65931,-2.7294116,32.392513,9.1963415,4.1342163,0.033838987,11.114394,-2.8908205,7.905869,0.61443704,3.6502342,3.7515378,4.0707974,-3.3186333,0.0988804,-3.8431957,-0.50684434,-3.4149015,-0.7712105,-1.746984,2.720977,-0.8047805,0.11884499,-1.8137547,-2.3439927,-2.2188785,-2.0459902,-2.735227,-0.16267824,-0.3905846,-0.16242035,-0.7220394,-1.1500552,-2.9818182,-2.6912162,-3.0866065,-1.2518376,-1.2483749,-2.41,disco
-98.156845,92.40119,2.6636736,19.337894,3.586051,-1.7657076,-1.7049835,-3.1714423,-9.09204,-4.080457,-5.1855764,-5.48785,-4.233516,-3.771359,-1.7159791,-5.584648,-4.687199,-2.7077785,-1.8423917,-3.0930302,-2.5210602,-1.7247944,-1.4526505,-0.20069462,-1.3003469,-3.1828182,-3.2621346,-1.1167942,-0.16530184,0.005000324,-4.713539,-5.8721433,-3.757769,-2.015063,-1.568216,-2.435569,-2.1144514,-1.7419268,-3.4614408,-4.125091,disco
-73.150406,71.752396,12.0955715,1.3943439,4.529426,10.863227,3.870923,0.938661,-5.979772,9.034468,-2.3677688,3.5552125,-0.14264001,3.109238,-0.07392056,0.3649058,1.084568,1.5209072,2.3046873,1.9287057,-2.4659438,-3.4440057,-0.9137322,-1.799425,-1.1180556,-1.1996292,-3.4237952,-2.1672773,-2.7028117,-2.164864,-1.7688537,0.13842075,-2.9844937,-0.002563199,-0.2882327,-2.3009028,-3.079241,-2.2035325,-3.63546,-4.95249,disco
-95.10371,109.35317,-30.161179,16.358656,20.03973,11.962816,3.48553,6.1739693,5.2001824,8.620757,0.34259647,0.3836271,0.5362716,-1.8029801,0.97747785,-0.06397859,-3.6734533,-2.1387339,-3.6518173,-4.407776,-3.4469473,-0.72662646,-2.2090812,-3.1905975,-3.2444563,-3.4672701,-6.1070857,-3.7672143,0.0058009853,1.7887553,-0.6919853,-3.550842,-4.809073,-2.6158793,-2.9342363,-1.9404314,-2.2449672,-3.1258879,-4.8105993,-3.6178648,disco
-103.961624,105.809135,-14.325732,36.73847,-10.348667,16.81085,-6.822809,8.140345,-4.461959,0.98826367,-10.006156,0.38354293,-1.7078525,2.9656322,-0.89472985,-3.0466807,-4.439489,-6.513695,-8.457305,-2.7770846,-2.350495,-1.0424925,-0.7656825,-0.9922918,-3.4917529,-3.391077,-2.8777645,0.10420496,1.3471432,2.9246352,-3.3422587,-5.1359963,-1.1565331,-1.2925099,1.3469896,-0.8119877,-2.3309271,-2.6957207,-3.4856353,-1.7858142,disco
-115.132545,70.42538,31.242792,11.176329,13.06419,3.867458,1.8087032,4.9707108,-1.0388265,3.9260278,-1.2926352,-0.6884157,-1.0751352,-0.14145264,-2.1613638,-2.3170586,-6.3917284,-5.3133707,-4.9977107,-3.8522284,-2.0105445,-3.9197774,-1.2982212,-0.6154538,2.4873238,-0.8369953,1.0188117,-2.161835,-0.16926526,-3.7172477,-4.770743,-0.73116064,-1.1010009,-1.1925049,-0.49999112,-2.194554,-3.135857,-1.3947915,-2.5769231,-3.1218731,disco
-71.94239,46.88916,21.026213,29.950956,9.497893,2.4052787,8.244612,2.5142548,-2.162969,0.43971246,-0.23318748,-1.5565152,-3.6136649,-3.8174977,-5.2896686,-2.9235542,-2.9003375,-1.7993289,-0.7156233,-0.98826045,-1.9741021,-3.082172,-3.890882,-4.7691,-1.5638531,-2.563817,-6.841665,-6.147368,-2.694862,-1.5936729,-1.450597,-5.3919797,-5.033066,-2.0777318,-0.6984666,0.15264647,-0.1798071,-1.4211874,0.54518384,-3.2552562,disco
-32.173412,60.033607,3.3775675,18.969069,4.326335,0.68113506,-2.0263913,1.3316941,-4.64699,3.7893417,-6.734154,-4.892331,-2.3437293,-1.6774992,-3.493383,-2.6775057,1.0068876,4.01204,4.702274,5.8544073,2.7622466,2.7671804,3.6471775,2.524841,1.8142093,0.31524336,-0.35325944,1.8222224,1.8214884,-1.4585135,-1.9820154,-2.1935666,-1.302148,0.24325702,-0.12878136,-1.8962597,0.060250197,-1.19046,-2.3258889,-2.7266045,disco
-69.599335,83.05957,-16.599524,0.1194694,7.4157043,0.7696189,1.3370081,4.690686,-1.4208714,3.328473,-2.8755643,-8.202937,-5.765528,-0.26638114,-3.2104323,-1.8850925,4.043784,3.6543794,1.9138739,3.6086924,-0.9549543,-2.8875647,-7.10645,-1.4443579,-2.2092404,-2.1519783,-2.4068253,-3.8478189,-4.9926796,-4.07397,-2.7416496,-5.697515,-4.6304398,-4.838436,-4.3408375,-2.4843054,-3.8445837,-3.465891,-4.7711377,-2.763406,disco
-124.19868,90.16968,-11.312609,10.940362,-1.1521437,-3.7543976,-0.8530474,-3.8402538,-3.7089515,-0.26702476,-5.823245,-3.4306006,-4.6257415,-4.559666,-5.4870396,-5.199043,-4.6086793,-1.811132,-1.3179176,-1.9561292,-4.032153,-4.543331,-3.2816544,-0.5292543,1.0757216,2.5336177,0.82461256,-1.3329643,-4.396965,-6.0941324,-3.7918825,-0.47984433,-1.195377,-3.73652,-1.8833553,-1.9308656,-0.33691674,0.4414464,0.1442151,-0.95264274,disco
-68.09459,66.36573,11.869311,21.982038,9.769293,6.6966743,1.6115297,3.8194947,0.95873654,4.773914,-4.2044983,-0.05883128,-1.2347755,0.07779587,-1.1298578,-2.0621066,2.565989,1.3888539,2.1794922,2.2477427,1.2820014,0.22027569,-0.8472227,-1.2148062,-0.58380467,-1.5938541,-2.0980866,-0.7024519,-1.3138356,-0.3465873,-0.43501645,-1.3269683,-3.0383554,-0.78974986,-2.3133235,-0.30634645,-0.552801,0.48225766,-3.4327471,-3.2723484,disco
-155.63731,60.568497,23.166864,31.186348,25.054384,16.906994,9.43836,8.449133,5.317451,6.556658,5.7627544,3.9231863,7.559716,2.156522,4.4279866,4.34529,-0.023135861,0.89370644,-0.49496517,-4.7843685,-4.068098,-0.83574456,-3.7386055,-1.6637348,-0.36933687,-1.2319094,-3.1465323,-0.41526675,-2.0896795,-0.12092267,-0.75669277,-0.92243737,0.58996135,0.8987745,0.73820376,1.3393766,-0.6507544,-0.66155154,0.032907423,-0.63955474,disco
-20.481245,53.708107,5.945927,10.153068,17.057161,9.541378,4.6119027,6.398941,-0.33330113,1.7238895,3.6845264,-0.77463186,-5.8879724,2.3219109,0.36891213,2.7516134,-0.5318566,-1.2027637,0.24694546,-1.2757894,-3.8986616,-2.948309,-1.7920367,-2.016882,-0.8838454,-3.5830452,-3.2546847,-3.7965715,-1.1319312,-0.053129025,-0.91169196,-3.2197764,-2.0039632,-1.6364746,-2.3252258,-2.1298912,-1.0691653,-2.7608237,-3.9705179,-4.661327,disco
-59.006565,68.87012,-8.457222,3.5900607,5.0725226,3.284628,13.525487,-1.3692733,1.6712123,3.712645,-3.715991,-0.31718874,-2.8357637,-8.801013,-4.4926963,-6.412872,0.4543389,-2.2726712,2.9792905,-0.018868437,0.49217758,-2.2426424,-3.467683,-4.3374047,-2.6949348,-2.0009508,-7.2940073,-1.7248765,-5.567816,-4.2474236,-6.344463,-4.0456014,-2.9513795,-3.1773262,-2.5595798,-2.9947548,-2.090188,-0.16918832,-0.9306718,-0.6014702,disco
-40.729237,63.947403,4.90489,16.340809,12.100067,9.339081,4.540618,5.189633,-0.5894375,-0.06985205,2.9546146,-1.4821671,-1.7598726,-2.2666602,-6.12547,-4.7247868,-4.742951,-5.763995,-4.029355,-5.362603,-9.759775,-4.824747,-4.436623,-3.6086774,-2.7560494,-3.4894774,-3.3984706,-0.5321775,-1.7637943,-3.6815844,-4.062147,-5.8690786,-3.2851226,-4.0278306,-0.55125374,-1.0270548,-3.6478524,-5.0461907,-0.9534041,-0.5018997,disco
-66.56881,58.31062,-8.179027,15.493415,5.575189,7.6971626,4.071543,-3.5835302,-1.3218851,1.6088259,-5.482533,-3.73455,-3.2398586,-1.3290434,-3.4326332,-1.1864657,-4.382923,-3.6565218,-2.0906227,-0.3098475,-3.829888,-3.00552,-1.7513855,0.8246352,1.9775678,-0.12755325,-4.0621862,-2.738606,2.4987745,2.3172343,-2.4348264,-2.1320808,-2.6643345,-1.021649,-0.5006937,0.15514295,0.6964197,-1.1043817,-2.311597,-2.6493373,disco
-123.20344,86.96168,-22.495186,6.9312387,8.458765,12.637701,-0.85900444,-0.8323707,-3.262091,2.6230345,-0.78355813,-0.4259602,-3.8292584,-5.653187,-1.8435526,0.12274642,-1.0618997,4.500085,-0.97467154,-5.260678,-1.570239,-2.4144976,-1.0477397,-0.69416,-1.0918789,-1.3110588,3.0679464,-2.5858393,-7.3432436,-6.538981,2.6039426,4.466592,-2.0424523,-4.861407,-3.9186087,-0.9972655,-4.855531,-2.138967,2.7918797,2.9590623,disco
-57.800613,86.53878,-11.776967,38.7768,2.3758638,8.829937,-1.2931184,9.917737,-1.6644962,9.836173,3.0134122,7.5246863,1.7179295,5.66263,-0.7007106,3.4496064,0.13334651,-0.955838,-2.637059,1.653112,2.7245662,-0.61086166,-3.4591815,-3.6698933,-3.2453787,-1.36538,-0.92654335,2.3552155,-4.312251,-2.5824208,4.048834,3.779687,-3.3379757,-3.0513446,-3.6510293,-2.0751402,-0.13290273,-1.3404197,1.3407782,4.3822694,disco
-65.79326,52.831802,16.57883,12.54698,5.604338,8.383382,-0.6104741,-0.623784,-4.0820427,0.6868591,-7.787457,-1.8914624,-7.2499976,-5.273299,-3.044216,-4.339184,-2.543758,0.720826,-0.3096042,2.936622,-3.6877427,-2.0717928,-2.933812,-3.6397827,-2.234546,-3.6086154,-4.3836455,-6.8830013,-2.4164848,-2.8120513,-2.627489,-7.2573833,-5.4171705,-3.5175102,-1.2004375,-1.3436607,0.45286545,-2.035371,-0.3628269,-1.6666986,disco
-51.8135,55.668415,11.39662,7.4714856,12.000198,6.2591653,4.3569694,4.3104258,-5.940892,0.565794,3.599389,-2.3887086,-5.8230114,-4.5261793,-7.0146923,-4.2569475,-1.7328705,-2.1438155,-2.4903357,-1.5405889,-3.5688946,-0.8482187,-2.152577,-5.2443566,-5.730537,-4.869743,-6.633748,-5.0339327,0.7972832,0.4435184,-3.396789,-5.4019613,-4.122471,-4.7721667,-2.3735945,-3.6745455,-4.9042153,-4.6431346,-3.7536705,-5.3211327,disco
-23.558336,57.343533,7.011987,16.525126,5.500359,11.859777,1.6749339,5.4618583,2.7552292,7.3391504,1.9634923,1.2612276,-2.3459415,-2.3197463,0.10894828,-0.1454609,2.2749884,1.580436,-1.8456298,-2.4429183,-2.795233,-3.6172752,-3.5079784,0.20454927,-2.202221,-1.6249739,-0.67684823,0.034582015,-2.9071834,-2.098657,1.221369,0.2215502,-2.729245,-3.3590038,-2.3417013,-2.0304496,-1.8681775,-1.2922653,-0.14046514,0.38651222,disco
-26.568247,52.047867,4.177975,12.859308,16.740139,10.133737,4.47516,6.3269105,1.1580266,0.64618844,4.612163,2.143196,-3.3678746,1.62928,-1.8801037,-1.0871792,-0.67252105,2.382105,4.165998,2.8615506,-1.6843656,-4.42114,-3.7893753,-1.575626,0.4358765,-0.9467263,-1.9246199,-2.6129596,-2.9359672,-1.2063974,-0.79212314,-6.5673323,-4.869214,-1.5999488,0.5344102,0.74367017,1.4871726,1.8070904,2.6607752,-1.4006678,disco
-77.395744,52.15557,-8.997961,12.852356,8.566091,2.8920135,8.930743,4.013753,-7.3446417,-2.260518,0.9621686,-1.0486537,-3.7624762,-3.5320666,-2.4292212,-4.8809986,-1.848513,-4.170674,-1.6632475,3.508745,-1.1142489,-1.2556113,-5.364817,-4.3405643,-1.2406535,1.0427026,0.78039163,1.5723356,-0.8983816,-2.6130002,0.6353222,0.4074996,-1.2557899,-1.9696716,-2.1446714,-0.22813186,1.6000699,0.30194932,2.0247483,3.3111386,disco
-107.36452,91.02147,-8.338967,34.284462,-1.9262822,3.7966006,10.531457,5.561392,6.9440746,4.7774057,0.6849833,-3.8546648,-2.5791147,-0.90398216,7.024838,3.7832522,3.3438797,5.20636,2.8768697,3.1789966,-0.07495458,1.0128632,-0.95988387,2.374352,2.7731943,0.45587733,-2.5423493,-1.266029,0.7889902,-3.581814,-6.5281873,-0.838259,2.5325944,0.9950799,1.4588498,-0.6127915,-3.088352,-1.9919511,-2.4676352,-2.1364179,disco
-78.35117,80.074615,-9.1673765,25.477053,-3.3905442,16.8094,7.2707057,1.818662,0.4955743,6.320318,1.4938978,2.1636302,0.6581049,-3.3820214,-0.91108096,2.9360857,-0.6341331,5.8765235,1.8965186,-0.61301386,-1.5238044,-6.459541,-4.8262463,-1.0734241,-0.8331724,-1.0904199,-2.5392838,-4.064093,-3.9743433,-2.533269,-0.42434078,-2.982518,-4.046875,-3.3228226,-0.47252852,0.22930932,0.96682596,1.2825863,-2.1122596,-3.144904,disco
-122.06817,116.81796,28.333023,24.729452,10.94623,-1.8944625,-1.4049608,-0.9484211,-3.5381525,-2.613937,-1.1199348,-4.180541,-2.552188,-3.766393,-0.25579134,3.2379718,-5.7643414,0.7164778,0.27367613,-2.2794304,-4.4339285,-3.5006561,-3.9937246,-4.825101,-2.1352537,-1.0244702,-4.465566,-6.3322816,-4.5539727,0.2471755,2.6103365,-2.044201,-3.5765283,-2.1575644,-2.3408544,-1.0910392,-0.9049431,0.46763256,-1.6658998,-4.27246,disco
-62.305237,92.054,-19.720612,17.629362,-3.1775432,5.41975,-4.0006166,8.885712,-2.490159,3.1609383,-0.5298751,-1.4906911,1.2983327,0.9118191,-1.5740798,-5.345329,-1.3775163,1.9313309,0.5238893,-3.3288658,-5.7351665,-6.15376,-3.6944625,0.998997,-0.41721436,-2.234048,-2.8197017,-4.7540054,1.421048,-1.1353196,-5.8381677,-5.438115,-0.03535216,-0.55328315,0.46185514,-1.1185359,-1.5651153,-2.0577092,-5.8973966,-3.4959676,disco
-62.788113,77.8459,3.535339,26.012875,5.932444,11.292923,11.104592,-1.959662,1.829974,9.186841,4.0683765,0.9767576,5.618282,0.6827657,-0.13502204,2.2042742,-1.8583151,-6.820175,-3.192486,-3.5373251,-3.6112514,1.6723655,2.2161,-0.15565272,0.446588,-0.22667,-2.3276627,1.0740067,-0.78405666,-1.8664075,-2.3192153,-0.16167419,-1.0216358,-2.261304,-1.5710821,-2.0911114,-1.8679703,-0.7011355,-1.5716912,-2.002068,disco
-71.24206,97.72146,-18.355276,8.578153,5.202039,-0.93892175,0.46801558,1.6290964,-4.7780914,0.06490772,-0.5487089,-4.452,-5.314456,-4.7849913,-4.604325,-5.9877567,-2.9043705,-3.4409497,-2.5677822,-3.0350146,-2.9549909,-2.8214126,-1.1220454,-1.9006665,-2.7678456,-1.8055068,-1.7453116,0.14867541,-3.8069217,-7.2998877,-5.2894936,-0.3530511,1.0584465,0.023017788,-1.3153628,-3.0311558,-3.5267386,-4.360628,-3.7621858,-1.7380542,disco
-81.29733,106.4762,-9.534991,17.970007,3.0110774,8.301614,3.8938744,4.2491026,-3.7393968,-2.078543,-2.2060983,-4.5875278,-1.1600446,-1.8838692,-0.22667754,-1.0367161,-3.2868867,-1.8739796,-0.70982325,-0.55249864,1.2456801,1.8667712,-1.0451095,2.4378119,0.9986832,-1.5515909,0.6216749,0.23030418,0.002287277,0.635875,-3.0399785,-3.163483,-2.0982945,-0.9854861,2.3047879,1.403311,-0.16390672,-1.0959193,-2.6612408,-3.222748,disco
-125.69445,101.78628,-17.488697,33.67749,-15.2447605,23.698765,-8.658022,18.546087,-14.059921,19.96296,-15.148184,12.975602,-14.30798,3.033169,-7.09871,1.616407,-3.905433,5.3860583,0.96159077,2.6921437,-4.6445284,-1.9668819,-4.740352,1.3363886,-0.5912504,-3.4650419,-4.493798,-5.2923236,-1.9888138,-4.0325146,-5.333949,-5.1597466,-3.6654246,-1.4236206,0.1837256,-2.681847,2.414714,-1.2939954,-2.178799,-6.1387577,disco
-280.90808,120.8154,-37.612255,28.736147,-10.789445,-6.406519,-13.808621,-4.062508,-14.859974,4.7919674,-20.17432,-5.09395,-6.792037,-6.4094267,-1.7583932,-4.1261473,3.4049892,4.251874,1.0147886,-1.1414523,-1.2895396,-5.559462,4.0715995,-1.5197889,-2.1686442,1.6212438,0.16292503,-2.3494759,-1.4275316,-4.9322357,-4.4063873,-1.0579073,1.1582593,0.91190547,-2.1536129,-2.0351093,-0.78176004,1.786179,-0.4432964,-2.3936682,disco
-105.02068,80.22214,-41.111576,54.02576,-8.379423,25.721205,-12.471843,28.713755,-15.008993,15.610892,-7.6170635,12.414465,-7.3685246,5.769286,-9.625082,3.9907076,-7.35203,3.4371169,-3.514105,-2.9073312,-0.34088165,1.7651248,-2.9637074,-6.086917,-2.2568316,-4.877547,-2.4092004,-3.4378204,-0.5118653,-0.49708664,-2.8830373,-5.256619,-1.6520573,-4.19229,-2.0743375,-1.171511,0.10756605,-2.7581298,-2.824074,-1.6529161,disco
-45.132,98.671646,-24.668423,40.512596,-18.104605,26.115303,-12.69484,13.988503,-15.421142,16.17926,-14.377716,8.140357,-11.939819,5.3776064,-7.686566,3.684058,-6.807864,1.4850638,-5.80723,-2.5007093,-7.6050324,-2.500148,-3.3909957,-0.5357836,-0.4726698,0.60940963,-0.24605674,-0.1535529,0.43182713,-1.4457233,-1.0061611,0.80170304,-0.70151186,-0.64881366,1.8553128,-1.1062542,0.03047114,-5.142307,-3.087918,0.2863013,disco
-45.80532,101.7401,-32.078636,34.265602,-17.547403,32.327187,-15.645263,22.041264,-16.110876,18.677488,-13.079386,16.47522,-9.913809,11.567794,-7.7403994,6.131409,-7.3614235,3.5779815,-6.616034,2.8414469,-3.3185544,2.8729665,-3.8243086,0.5098195,1.4697136,-2.285602,-5.501972,1.7929351,2.1337974,-0.35784793,-6.1159954,-5.1268587,4.103769,0.3658351,1.4145501,-2.3013992,-5.013953,-2.0506546,2.3168845,-3.2327702,disco
-77.198685,89.36663,-34.232285,38.681267,-22.269873,31.254671,-16.385426,22.344229,-16.015026,19.283667,-13.230427,16.72414,-10.393917,11.381441,-8.547002,5.7291126,-8.349094,3.0559769,-7.5780926,2.2519233,-4.273733,2.1892152,-4.712202,-0.0731208,0.38654315,-2.772419,-5.905121,1.3437616,1.495194,-0.9174616,-6.4927416,-5.498061,3.4119194,-0.017482203,0.9731481,-2.5948365,-5.063001,-2.1945462,1.8084146,-3.3819509,disco
-70.51618,90.476006,-48.086514,36.67485,-17.66604,21.603975,-30.186953,24.03991,-20.447666,14.48298,-18.503065,9.126518,-12.047067,6.2659683,-11.558922,4.908774,-7.8774056,-0.6448119,-4.3557434,0.19770397,-7.5237885,2.105069,-2.3288221,1.5090247,-1.7606266,-0.5128893,-1.749576,0.64975536,2.2301419,0.4840796,1.204089,-3.9017966,-0.56523365,-1.7613112,-0.44273144,-0.40171444,-0.38350195,-2.0918164,0.020075465,-2.0154943,disco
-108.510765,69.93312,14.870285,45.539623,-5.3849373,41.803654,-13.518741,32.559277,-20.397465,23.435904,-12.123883,17.999405,-9.038808,6.992762,-4.731377,2.3560433,0.19970375,2.3458986,-0.78666043,-0.5949066,-3.2124076,0.013862492,-2.5444894,-1.6338162,-3.0565145,-0.8384487,-4.18215,-3.5307655,-2.8339567,-4.5903273,-1.1252273,-3.765625,0.7994028,-3.1959934,0.79726774,-2.1770196,-0.3150769,-2.9748495,-1.7931622,-2.3037412,disco
-226.35432,78.271614,7.8452187,53.856804,-1.151935,11.3028345,-7.8484793,24.36511,-14.952828,18.494564,-19.137503,6.1562767,-10.068168,5.2878304,-11.683896,3.338004,-11.275221,1.386834,-10.699085,-4.3292,-8.951201,2.1965425,-0.21762645,-1.1610676,-3.9734383,-1.2432631,-4.2899685,2.143193,-0.62585944,-6.7013383,-2.356649,-0.29180786,1.5165554,-3.2027426,-0.42354032,-2.887255,-3.8220506,-1.5134975,-0.37077212,-3.4322052,disco
-103.09195,107.497505,-33.526493,52.796356,-9.143341,30.365688,-9.337432,23.046274,-11.900221,18.170902,-7.554082,9.401475,-5.444428,6.6532264,-5.613328,4.1491914,-5.471509,0.83888555,-0.054206163,3.7572117,-1.6214706,-2.000773,-2.3752046,-1.8205131,-0.5053348,-1.5150867,0.49957815,-1.3241813,0.12566231,-1.4467169,0.0628586,-1.8023468,-0.76296675,-1.669814,-0.3932676,-0.93533164,-0.3930048,-1.24138,0.75759494,-1.7212827,disco
-182.7882,124.1851,-10.062487,41.59245,-7.3899937,26.952116,-12.362844,19.820305,-16.069172,16.20639,-10.253923,3.1237123,-8.989258,2.1562557,-6.1063056,3.9118853,-3.7005363,4.9401956,-1.2491528,2.5313783,0.15005918,-2.7740996,-5.8600717,-2.755247,-0.30056125,-4.048903,0.18785544,-4.1419506,0.4390395,1.1691003,-3.8028624,-5.43122,0.058276623,0.7182583,1.0578421,-1.1928686,2.0880187,0.2325619,0.4448125,-1.5994889,disco
-143.20898,122.59269,-23.92042,28.14886,-23.689157,23.08134,-17.911198,18.753313,-18.636002,18.356426,-13.91446,9.730259,-12.243754,4.9380503,-8.392431,5.4806075,-7.8706884,3.9378474,-5.71553,-0.6342342,-2.3839378,-1.7106892,-0.6213539,-0.5326331,-2.1070867,-3.9767795,-3.6215808,-1.1546537,-1.9480145,-4.7017536,-4.624842,-3.0680327,3.408154,1.9335238,2.566854,-2.180275,-2.9905283,-4.996104,-1.0304602,-2.143381,disco
-109.5915,104.1451,-16.217413,45.376465,-10.195766,25.558594,-17.158018,22.278688,-16.850662,16.535793,-12.096706,8.670637,-8.847189,5.2464542,-9.296138,3.4515905,-7.895842,1.5266707,-4.04567,-0.10831425,-3.149072,2.2007275,-3.7459702,-3.1735337,-1.3915622,-5.0662966,-3.357655,-3.860146,-4.10806,-2.181795,2.7492983,-0.4018684,-1.4209234,-4.692037,-2.0773752,-2.1342976,-1.6752869,-3.1261337,1.221945,-0.15762876,disco
-109.0528,106.848564,-18.27907,23.423592,-17.764582,19.019663,-13.615213,18.686106,-18.371767,18.402843,-9.714787,11.857384,-5.560523,12.884756,-3.8281438,8.68438,-7.0812664,5.4192944,-6.198667,2.327917,-3.7474656,3.278111,-0.65327173,0.8725093,1.0125837,1.4486501,-0.89744884,-1.5434669,0.3412849,0.7965375,1.0454714,-1.272718,-1.8874222,-0.39255413,0.8611071,0.87341386,1.898798,-0.7733228,-0.52415127,-2.5551722,disco
-121.09522,116.9425,-22.78697,45.148933,-4.2390513,30.256325,-12.245274,21.729876,-16.540764,16.23328,-10.655169,7.3304205,-9.353951,5.7834067,-8.41908,2.7517536,-8.0942545,0.3694729,-3.2401588,3.585284,-4.1889853,-2.941811,-4.185984,-3.2183697,-2.5823295,-2.3624473,-1.9716991,-1.9236767,-2.0263638,-2.2621653,-1.2889827,-2.8893735,-1.8786682,-2.891913,-1.0482569,-2.279832,-0.6530039,-2.523952,0.25712326,-2.243252,disco
-91.88631,87.60406,-2.058175,34.285538,-18.15337,19.344702,-14.697328,17.116173,-15.334747,17.040913,-13.55869,11.848034,-9.81162,9.113958,-11.469915,-1.0519092,-11.64962,0.2934407,-1.2797366,0.09898164,-5.961453,-4.214142,-2.0337906,-0.9615831,-1.1227397,-0.8732532,-1.1695287,0.29599762,-1.3224425,-3.3899806,-3.2500324,-3.7953405,0.24761878,-0.9587737,-1.3158056,-0.67315215,-0.18905558,0.5576448,5.5878935,0.78048986,disco
-107.8676,81.936584,-30.63407,41.331936,-8.509502,31.333733,-8.869069,26.0309,-8.280142,17.894875,-4.652872,7.4255123,-4.352716,4.491106,-4.0987024,3.0722196,-0.2864228,4.9930854,0.40634808,3.8392715,3.8059936,0.20792481,0.73921955,-1.4860442,-0.07325024,-4.780197,0.3100098,-3.7763438,-0.3302088,-0.5531549,0.4682329,-2.9046845,-0.39989683,-0.5310256,0.5043663,-3.1845877,1.2369332,3.1444287,3.0112486,-1.767384,disco
-51.776085,70.33135,-3.9117007,49.74228,1.587971,35.703487,-4.088695,24.787909,-9.707024,22.039282,-6.114996,17.18126,-2.766424,11.962386,-1.6310154,6.924509,-2.909797,4.9149704,-0.48781282,6.7344446,3.0748253,-1.1728306,-0.5056284,-0.1879848,-2.8483047,0.50011086,0.8130665,-0.45870626,-0.6085498,-3.240875,-1.4342079,-1.005252,0.5319602,-1.9099611,1.1858838,-2.8537683,-1.6855665,-1.8465918,0.9084952,0.8735151,disco
-189.21512,93.95932,7.905782,41.8906,-7.0920463,31.882492,-12.586035,24.2205,-6.057699,24.537947,-6.0252366,16.76309,-2.0117977,6.338117,-8.548105,3.8101702,-2.5845132,-0.8613339,-3.1122644,10.213786,-3.483542,-4.046887,-4.7764664,-0.9137384,-1.9852843,-7.0919094,-1.1735114,2.4970717,0.47795016,-7.6584578,-3.0884647,-4.5270467,-4.154616,-3.908597,-2.160425,-3.6183379,0.13449156,-0.62292737,-1.6715885,-1.8544353,disco
-106.243805,105.575874,-5.5135617,50.055817,1.2439842,37.002605,-9.622076,24.011705,-8.668455,14.975656,-2.526041,9.765439,-0.9115709,3.856074,-1.5508848,3.566325,1.5332674,2.0969243,-4.0135326,-2.6234522,-3.11121,-6.134197,-3.4014087,-3.3830097,-0.44488052,1.839568,-2.5219731,-1.1838017,0.22113194,-1.448405,1.9723014,-5.504947,-1.7406516,-2.4788473,0.8346853,-0.055787124,0.23568234,-2.3500004,-0.3292327,-2.2857764,disco
-57.60671,96.691895,-24.422018,40.01419,-17.260252,27.834213,-13.297422,23.196402,-16.528564,19.427147,-15.485601,11.825689,-10.574847,8.359429,-9.370791,6.5462084,-3.695063,0.34709242,-4.4089584,1.5547028,-4.747415,2.2200418,-0.79926896,0.57433206,-1.049957,0.08326754,-2.6066735,-1.392627,-2.4082236,-2.936799,0.6530775,-0.99901116,-2.9212067,-2.751755,0.22939111,-3.7139277,-1.4300953,-0.29012817,2.5554624,-1.728834,disco
-103.76036,92.46227,-27.230408,39.22129,-23.052734,20.634798,-17.766901,18.950552,-15.204782,16.394331,-14.6620655,12.249461,-14.973013,8.24438,-11.897316,1.0192477,-8.905782,5.179015,-6.445104,1.7000207,-6.1489115,4.762184,0.9959734,1.2985284,-1.3409536,-0.23723656,0.033316668,-2.7313447,-4.216206,-2.1483445,4.0193024,4.8073807,0.35931152,-4.1065807,-2.0191038,-3.6761675,-2.5799928,-0.74189055,-0.11336959,-1.7048805,disco
-93.31913,77.83445,-8.784329,42.07125,-11.2494135,24.245377,-17.912214,22.240356,-16.039139,16.687473,-15.665249,15.410949,-18.128246,10.21202,-14.608057,1.8476812,-11.09101,1.1463736,-10.55276,5.1898565,-5.1917872,-0.29377303,-4.7037034,0.55854857,-3.4839182,-0.12668987,-2.3278265,-1.9908608,-2.7075286,-1.5408741,-0.6023416,-2.984234,-3.7883515,-3.391801,-1.6903739,-0.99867404,1.3949769,-0.2281224,-2.856132,-5.1878543,disco
-118.3657,114.23729,-6.7823,37.40087,-17.431936,28.36287,-23.726538,9.28381,-10.439461,12.624765,-5.1486764,12.253149,-3.8705223,4.3780017,-9.250749,3.4737234,-7.952151,3.6644182,-6.1568813,2.7070286,-3.4439602,6.5230074,-2.51564,-1.2853042,-4.998179,-0.45371333,-4.1667533,1.0749999,-1.037286,1.4348564,-5.275805,-2.9528284,-2.666013,-1.3435098,0.6014836,-3.6104877,-1.0467587,-3.8288915,2.2215135,1.1062897,disco
-81.727165,97.61068,-27.583755,36.644188,-17.252998,30.76932,-15.948635,20.968245,-16.22693,17.418455,-13.363811,15.080846,-10.38692,10.253875,-8.392584,4.7922664,-7.943187,2.3002288,-7.1051598,1.768119,-3.8251922,1.6635016,-4.248241,-0.29391828,0.8989085,-2.992395,-5.3590574,1.1819997,1.8576758,-0.80938023,-5.86684,-5.2279663,3.8590515,0.08141424,1.4508507,-2.5483625,-4.666535,-2.04662,2.1201537,-3.2015362,disco
-105.51604,79.25659,-15.207652,40.825546,-12.26779,23.559673,-19.938488,27.319254,-16.512426,21.538397,-11.68012,13.991893,-10.775013,9.377955,-12.224892,2.0753548,-12.2306795,2.8724236,-4.684766,8.174021,2.5147274,6.309566,-0.083122514,-4.288515,-6.6250973,-3.3059528,-2.2708824,-1.3538935,-1.92134,0.317313,0.5857889,1.8094405,-0.97241855,-3.7938,-4.1552672,-4.904693,-3.3506513,-2.7484732,2.6044881,0.47523078,disco
-128.46767,67.26374,-36.918983,40.90837,-21.745594,23.162697,-13.252984,13.093862,-14.004485,17.799566,-15.179246,16.37246,-10.465581,12.8358555,-9.216798,4.3896093,-5.4432764,7.246392,-2.667623,6.573778,-1.0712013,3.9477468,4.8744082,1.0944431,2.2746832,1.393419,-4.476689,-4.4291615,-3.4055583,0.5940175,3.7425156,-3.3093784,-3.9316893,-2.433991,0.6984949,-1.3609071,-2.132937,-2.3486335,-1.6860898,-2.1949878,disco
-95.25163,82.25366,-26.221525,37.522614,-16.3551,25.29429,-21.796482,21.811947,-20.064442,16.297644,-16.119652,14.439221,-11.9070425,7.1689878,-11.668229,5.0781107,-10.222132,4.7934794,-6.0183835,-0.24143368,-4.3336835,-3.4522595,-2.2212923,-5.4610033,-1.9091623,-5.513017,-4.055855,-2.7301924,-4.0023074,2.2065482,-4.193789,-2.1387734,-5.8405833,-0.38663447,0.6995907,-0.69291,2.049239,-3.1202028,-5.1179695,-4.519512,disco
-40.762928,86.78239,-26.962378,34.941532,-20.048147,21.65764,-23.953712,19.265038,-17.531559,18.037153,-16.020786,12.446079,-13.877287,6.013273,-14.214262,-0.81543213,-14.490395,-1.229841,-7.6995625,4.327605,0.7155764,4.706757,-0.71278244,-4.508218,-8.830743,-5.272336,-3.7937882,-2.9162524,-3.350766,-1.4657472,-0.72953117,0.7452244,-0.50713736,-3.8500736,-3.7997506,-5.3872275,-3.8085861,-5.123248,0.66990286,-0.47003344,disco
-91.75992,86.314995,-17.351944,43.106068,-18.40748,34.058987,-18.420603,26.836887,-13.56513,20.214409,-14.637163,12.668141,-12.608889,6.200999,-10.449866,7.365131,-8.057862,7.1151724,-2.459065,-0.11617039,-6.9537945,-1.8708681,-8.39107,-0.65256786,-2.1067498,-1.562865,-2.9925163,-2.7536352,-3.107643,-3.1284878,-2.8761914,-5.8707175,-1.4044671,-2.8403387,-2.2650836,-0.71444863,-0.26944816,-2.398665,-1.4035912,-1.5950397,disco
-95.872894,103.33598,-36.4608,27.1251,-22.873161,9.985935,-24.656694,15.6701565,-20.151213,18.746262,-18.563173,9.864557,-15.108637,3.8944142,-11.188668,0.51242125,-5.4709244,3.1176531,-7.906383,2.9722521,2.1654305,5.5521865,2.0624535,-0.9657899,-5.49819,-2.7235112,-3.7848651,-2.570457,0.041129004,-5.17324,-5.3623896,-0.92223054,2.2962778,-1.7198602,0.61748207,-0.10348745,-0.21218678,-2.0399294,0.7156563,0.44773516,disco
-56.901474,97.02408,-17.874454,44.933502,-6.9323897,23.813328,-23.314041,25.996197,-10.480186,10.453681,-15.226058,10.030943,-9.161243,3.7398648,-9.396588,3.483016,-8.049632,1.657038,-6.0185494,4.4114547,-5.700263,-4.1728253,-6.574321,-8.907695,-4.2652006,-7.6603384,-2.8844974,1.8884397,-6.013453,-8.948441,-2.7973301,-1.0192271,0.46140227,-5.955804,-4.027436,-5.1768517,-5.1360626,-3.0553339,0.41994932,-0.46754375,disco
-182.05023,103.41656,-18.22728,31.200912,-12.540437,18.842093,-12.869497,19.378906,-17.704334,18.50028,-14.324433,11.545081,-11.634119,5.5954614,-8.039428,0.2704892,-8.0900135,2.727342,-3.2884352,3.507127,1.3316553,-1.6836491,-3.9681437,-2.7306452,-3.0851643,-0.291534,1.5842531,0.8089953,0.43437034,-3.9744887,-1.1938828,-1.5205555,-1.0325965,-5.693517,-3.443212,-2.1802814,-0.18289797,-0.17031373,4.565467,4.2458158,disco
-154.6233,97.9326,-10.35732,39.123672,-11.213964,24.11131,-11.846502,24.19123,-13.460304,20.553188,-8.327632,5.867451,-9.686904,3.9443228,-8.819821,3.312212,-0.29934305,7.594323,0.65621084,0.80801904,-2.0350542,2.5062332,-2.6779902,-1.4937737,-1.5598284,-2.0091765,-0.52917796,-3.2004123,-3.3806617,-5.512254,-2.1257913,-2.899117,-0.44564503,-2.9616475,-1.1689433,-2.1211035,-1.7599287,-0.86233586,-0.32025743,-2.7620552,disco
-219.45564,94.70133,12.129364,48.870068,-7.2120833,16.628513,-15.087896,21.71444,-20.00235,13.238806,-15.698359,5.0570116,-15.283744,0.07390089,-9.203971,0.23449896,-9.558946,-0.75156134,-4.5294027,-3.6864765,-4.9973702,-1.9486988,-2.3064475,-0.57548344,-0.61188716,-1.5111096,0.23279499,-3.172242,-1.1439462,-2.7527986,2.3679068,1.0540452,-0.19840527,-3.1291497,-1.010101,-1.4940429,3.3875802,0.173142,2.1379142,-0.8125392,disco
-193.22008,89.19422,-20.013872,38.74353,-2.7159603,17.057266,-7.9501605,16.08651,-16.764881,7.716307,-15.71264,9.034707,-11.31675,3.8953853,-8.224794,3.017059,-6.879084,-0.70772266,-6.407636,-0.546875,-1.0690643,2.986725,-3.9810357,-2.356671,-4.882277,-4.241959,-2.254274,-3.3938427,-0.52469665,-8.775295,-5.6499395,3.1079748,0.00029529064,-3.3802414,-3.3178227,-3.562444,-4.1429167,-0.911815,-1.372569,-5.9301395,disco
-63.650337,94.46596,-13.425887,32.77123,-13.71462,26.78027,-19.395613,24.652544,-11.667618,13.727572,-9.442895,8.833796,-4.9801464,9.214891,-3.470476,1.4862688,-8.885652,0.25321522,-5.4527493,-1.1330738,-3.781239,-0.18542688,-5.228831,-4.6600423,2.5328164,1.5804349,0.54956657,1.6916338,-0.94335973,-7.9448695,-5.083252,0.18413334,0.83118194,1.0410404,2.2876441,-2.4277945,-3.268114,-2.9444485,0.6284461,0.000117582436,disco
-167.37817,112.48347,-4.5824203,37.09087,-8.613286,27.826746,-14.716945,18.52263,-16.49013,13.760587,-13.3312845,10.215414,-11.575291,6.7448573,-9.2008505,4.9011545,-9.726244,1.5202271,-5.5773807,-2.0606303,-2.047717,-1.4463298,-4.0494647,-0.9694818,-3.1348178,-2.7829847,-3.3063557,-4.121966,-1.2413536,-4.5836463,-2.6593616,-2.497124,-2.477463,-0.69299024,-0.067743935,-0.9274218,-0.96928024,-3.7545676,-0.85509515,-2.6376774,disco
-197.17924,83.36067,-38.55783,43.7167,-7.2955384,25.659225,-8.642003,13.397131,-12.153697,12.154943,-12.050202,10.627793,-2.4053423,12.013289,1.3748271,6.7643423,-3.3767767,-1.6519369,0.06695276,1.4112642,-1.6167008,-2.743313,-5.9590416,-3.0434546,-1.7314359,-2.780885,2.0418122,1.9210606,-0.18714187,-0.26276556,1.7677202,-1.0227267,-1.8640165,-3.0644717,-0.026769916,-1.9229074,-2.517685,-1.6344792,-0.03598731,-2.0001352,disco
-166.76927,67.73106,11.18009,37.429214,-10.941419,27.39617,-18.940847,27.29737,-15.843282,20.550398,-8.622007,14.187619,-6.0489874,12.008676,-6.0718484,7.280311,-4.233474,5.134376,-4.5242863,3.4615293,-2.2594535,-0.58365464,-0.8845191,-1.7363172,0.14123915,-1.5403816,4.2761655,0.74411017,3.4677055,-0.5772844,0.5304008,1.6108572,1.0578997,0.17236528,0.8885679,-1.316865,-0.26475528,-1.1531763,1.2612785,0.730383,disco
-95.80325,122.05659,-29.31912,50.3165,-11.940644,28.410152,-7.0477815,11.851946,-8.612015,11.568435,-18.395964,6.8620915,-11.662833,2.6845438,-5.792651,0.6457213,-7.2554846,1.7374233,-6.154603,-3.7481859,-1.352904,-1.2491567,-1.2756923,-0.93986505,-2.713986,-5.371571,-1.8280846,-1.7619568,1.873375,-3.9751308,-4.0295215,-2.66561,2.22566,-0.090173915,-4.615538,-6.965081,-3.0943792,-0.48358026,-0.4044165,-3.437311,disco
-100.293015,110.01217,-26.644552,36.823757,-10.413421,28.777048,-14.843354,21.28987,-19.675669,18.522434,-16.387474,9.157716,-13.791584,3.9903712,-10.459232,2.8376312,-4.316738,3.1700072,-3.746579,3.5572653,-2.474787,-0.6257578,-3.0519423,-4.4436603,-4.0431304,-1.9150829,-1.7663975,-3.3698285,-2.1659195,-4.274703,-1.1520557,-3.0366771,-0.88777184,-2.7313619,-1.0489815,-4.1348352,-1.2792795,-2.4561508,-0.38124207,-1.1216936,disco
-97.88562,101.0036,-40.54761,51.050194,-11.70962,25.064745,-14.048207,17.197395,-9.623668,16.97353,-7.173523,11.723433,-5.7162294,6.2494135,-6.0607915,4.6876745,-6.2524056,-0.98431545,-2.744111,0.6273676,-3.989957,-7.2318325,-4.136399,-4.306098,-0.060564615,-2.1607797,-0.38646418,-2.2670393,-2.3433232,-4.303897,-3.5513709,-1.6528327,-0.8022708,-2.2251675,-0.29561928,-2.5291853,0.41803715,-1.3541769,-0.9135017,-1.1508924,disco
-114.932045,113.46387,-29.80431,42.612103,-10.32601,26.973412,-14.493735,21.240532,-17.650537,17.097872,-13.478901,8.591483,-11.4274235,6.205875,-10.899925,3.6583583,-10.31746,0.56217355,-4.1656847,3.4745607,-5.231377,-2.143156,-5.6117344,-2.4186616,-3.3176749,-1.8699167,-2.2709265,-1.7279228,-2.1216486,-2.1288273,-1.661778,-2.63861,-2.1894815,-2.3922696,-1.6023518,-1.5773165,-1.1650907,-1.9703554,0.1751196,-2.2491405,disco
-125.715775,88.52808,-16.738844,42.798134,-9.901168,29.185856,-19.342821,20.458702,-16.50553,15.012512,-8.765586,12.78412,-7.7588887,7.052417,-8.516408,3.2717617,-6.498946,5.7955213,-3.5007174,-0.049129214,-6.212265,0.062321335,0.48798406,-0.07757265,-1.8590502,-1.401965,-4.6010823,-3.8100812,-3.0013053,-0.54077905,-0.7775026,-3.5706148,-2.5910838,-3.4287395,1.4243493,0.081361845,5.0548906,-1.3742409,-2.104996,-2.712768,disco
-116.98034,98.51445,-19.01401,44.84704,3.8032014,28.483183,-1.1026869,14.693483,-7.7538214,9.756313,-10.111344,6.3672557,-3.9202325,7.902921,-3.212644,0.13058013,-7.841634,-1.7346324,-2.4309783,-0.72165364,-2.8567433,-4.2000647,-6.4246097,-5.7830286,-3.475657,-5.45649,-6.807106,-5.147759,0.33153465,-1.2989401,-5.376557,-7.635175,-3.5087302,-3.88716,0.61119944,-1.8000572,-3.2726264,-2.8840406,-5.2050004,-6.156178,disco
-123.78829,89.824844,-1.8406465,51.169796,-16.261305,28.283545,-12.495137,19.032148,-13.280038,18.50002,-13.776396,12.866395,-8.7555,8.260726,-8.236545,5.5192523,-8.406669,4.4795265,0.30875912,1.8299166,-9.066051,-4.9302416,-6.0192766,-3.3867612,-1.4117513,-1.9159827,-2.6715968,-2.3547745,-3.0107577,-6.1741548,-3.511607,3.2198331,1.2827526,-2.1984472,-0.6299133,-2.9739454,0.4747107,-1.3858753,-4.4251246,-1.0891455,disco
-86.0438,87.53873,-20.172316,54.019077,-1.0642164,19.562546,-4.0897794,21.03777,-19.567509,12.389661,-22.010809,9.599067,-15.931526,3.9723325,-13.932702,2.3837168,-7.737426,3.4512784,-4.1580405,5.91842,-3.1443079,2.3093767,-2.0284324,-1.8249815,-2.8804693,2.0715303,1.2628187,-1.6504414,-5.4469533,-4.8551865,3.8528504,3.084293,0.509068,-7.2055235,-5.1880074,-3.9305212,-1.7766836,-4.4245934,1.0020322,2.7031913,disco
-130.00577,102.49775,-4.4431324,50.061092,-15.532888,32.12815,-18.18232,24.28785,-11.902589,13.763347,-12.898068,7.2710958,-9.37947,4.6041646,-9.579843,4.24868,-4.6832943,-0.45490155,-6.882829,4.7626505,0.4144262,-5.3262053,-3.8717597,-3.0036886,-6.0928354,-1.4535707,-3.9691322,-2.7899156,0.6317012,-7.6377263,-1.4879224,1.4730357,-4.0035157,-5.2372856,-2.2038434,-4.9194193,-3.03086,-5.855542,1.2064502,-2.6337295,disco
-159.86688,81.975266,-16.765373,52.506096,-4.4480305,22.865053,-8.22628,23.367426,-5.528469,17.693354,-15.369107,10.806196,-13.526739,1.7440386,-6.560189,5.105752,0.32969546,6.998458,-5.4562087,0.80631334,-6.6623497,-4.5586452,-2.5507839,0.9069635,-1.578766,-2.2935944,-3.540515,-4.617331,-2.039678,-3.0540519,-3.567446,-2.8931456,-3.4903636,-4.053578,-2.793933,-2.7816901,-0.3773906,-5.9220634,-1.822802,-1.8712274,disco
-133.8668,93.47174,-24.215986,61.44255,-22.856274,30.976551,-14.959397,20.244457,-9.292844,15.786768,-8.740783,11.96879,-5.3208146,4.992871,-0.6728599,3.7227201,2.09798,5.443536,3.0959997,2.4591088,0.7413072,-0.35870937,-0.5456373,0.92737967,1.050894,-2.5174966,5.8990765,-1.4015496,1.8849244,-4.597623,-5.496899,-2.9380333,-0.4665414,0.9179468,0.19503085,-0.97394973,-1.622245,-4.301667,-3.8226047,-3.6462162,disco
-116.92593,75.75966,-4.20548,37.287037,-5.3384075,31.376095,-12.168359,22.909483,-11.43796,14.62477,-13.049892,13.411264,-13.228818,8.251242,-15.236953,9.83192,-6.212928,8.001915,-8.030049,4.399167,0.95078015,1.544608,-8.495746,-2.0724497,-6.419405,-0.66568273,-0.87788236,0.8234629,1.3392936,5.6682825,2.463419,-6.974174,-8.841778,-4.672872,-1.4349827,-1.8374358,0.19809338,-5.7071123,-7.0609174,-3.7561197,disco
-91.597725,99.463974,-8.991621,40.185043,-18.037636,22.567217,-21.956272,15.782541,-25.665386,17.664223,-13.675539,15.635084,-15.469164,4.5212984,-10.157356,0.4606566,-10.151421,4.796902,-6.883544,-0.9924837,-4.503061,-1.4736902,-4.5471053,-1.5943834,-5.169103,-2.3016026,-1.1724973,-2.429881,-3.044449,-3.5780282,-6.325274,-7.5622725,-3.4515452,-4.230044,-1.8463199,-1.1847814,-0.4270939,-2.7772036,0.22386661,-1.9956763,disco
-91.597725,99.463974,-8.991621,40.185043,-18.037636,22.567217,-21.956272,15.782541,-25.665386,17.664223,-13.675539,15.635084,-15.469164,4.5212984,-10.157356,0.4606566,-10.151421,4.796902,-6.883544,-0.9924837,-4.503061,-1.4736902,-4.5471053,-1.5943834,-5.169103,-2.3016026,-1.1724973,-2.429881,-3.044449,-3.5780282,-6.325274,-7.5622725,-3.4515452,-4.230044,-1.8463199,-1.1847814,-0.4270939,-2.7772036,0.22386661,-1.9956763,disco
-80.92658,84.79292,-31.540653,33.89926,-19.848768,23.558195,-22.125015,20.021149,-16.759602,19.211897,-13.106137,11.505603,-10.726899,10.569202,-8.427004,7.3234506,-5.3749456,7.6905966,-5.544044,1.5257047,-4.640103,2.8219485,-2.2030485,1.8314283,0.49572632,1.620021,-1.591215,-0.044778217,0.5861323,1.3075866,0.33399132,1.4240177,1.7852343,2.9541402,2.0076873,-0.4177624,-0.877822,0.06384225,1.5666208,1.7425492,hiphop
-81.1395,49.606533,-14.548335,57.986927,6.8434696,27.148214,-6.8552327,31.304077,-10.086364,20.312963,-2.5413642,12.746546,3.9735262,13.235152,-2.3756182,12.26852,-7.035885,4.756272,1.8735873,0.022320066,-3.9704506,4.098239,-5.4856086,-2.7173493,1.3241903,2.667017,5.8441944,2.0382166,2.4415627,-1.3686366,0.79791856,-3.2853298,-5.29209,-7.264393,-5.564316,-6.990517,-5.5505357,-5.821054,-1.5491881,-3.3089995,hiphop
-202.88756,132.38377,12.001245,43.771038,-10.231294,17.12234,-13.5626,15.044013,-16.261728,9.421977,-11.64568,7.0476594,-4.317207,0.83221453,-5.603881,1.2634315,-6.975631,0.39049453,-2.4323802,-2.9321566,-2.1230023,-1.4466487,-2.507712,-2.6079552,0.5190086,-4.2815275,-0.80878747,-3.1144748,-3.9559247,-4.0685077,-3.069896,-1.6369249,0.476138,-3.9971046,-1.1320659,-3.2223425,-2.0848668,-4.5965357,-2.2863834,-3.0404577,hiphop
-40.255154,80.830086,-25.643091,38.42609,-11.072868,24.912197,-7.3689013,26.772398,-5.286711,16.798525,-3.4986296,8.451586,-5.5967097,12.057393,-1.8924502,10.485353,0.65101427,0.27163374,-5.0933547,-4.0094256,-2.469343,-2.3340394,-0.68211555,-1.6357279,1.9447829,-0.5380512,-0.14279675,-1.1440828,3.1712832,-0.020731168,-1.2049723,-4.066226,-1.0726962,-2.1107674,-0.8216224,-3.419844,-1.9579141,-1.4902743,-1.3101933,-3.2418017,hiphop
-140.2109,71.62181,-3.7753887,39.005466,4.1943936,31.507359,-3.9653087,19.763544,-3.7660909,16.000135,-3.1709101,11.85097,-1.2552046,5.775349,1.2760401,1.6593858,-0.8388632,1.6146661,-4.0749097,1.1415371,3.8168197,5.208004,0.953683,3.8870316,1.2816395,-1.8879901,0.67206585,-1.0952706,-1.2424432,-2.810044,-0.6670431,1.1689988,2.4041038,3.1199822,1.0292487,1.4887046,1.1984354,-2.19823,-3.1795397,-0.56256264,hiphop
-11.675508,81.99325,-8.505697,52.767826,-14.70422,31.964735,-19.689999,22.869427,-14.710648,14.518813,-10.083077,14.005072,-8.073014,7.4342136,-5.4978147,12.842176,-3.6973355,6.2179585,-2.5902514,0.10540796,-4.6902986,1.2770824,1.8051796,-0.18477982,-3.7772288,-0.17580679,-0.20029333,0.20455348,-0.5552777,-2.2791662,2.700193,0.54800415,0.057253502,-3.308376,-0.04230947,-2.066757,-2.4927435,-3.5719647,0.9761162,-1.2206464,hiphop
-59.61099,63.90056,3.4885833,45.235706,-1.1763213,28.23943,-13.166778,23.60513,-6.623221,16.478992,-7.2890754,14.477249,-5.7934427,8.176779,-6.8806267,6.7361226,-4.475576,0.96118426,-7.1330266,-1.2612314,-3.6028612,1.3544409,-0.1423354,4.6322794,-0.2643217,1.6823772,-0.7896876,-2.1308715,2.868677,-1.1874887,-1.5034887,-3.6262848,-1.3321066,-1.5066358,-0.27226838,-3.915112,-1.2140483,-2.851172,-1.6508021,-3.9623382,hiphop
-58.451878,103.05016,-7.2154045,44.881866,-8.616437,12.345843,-13.746115,19.97422,-13.128944,17.136246,-3.9520185,15.581611,-0.4627677,6.9280353,-6.032932,5.6366434,-3.1798737,1.8159584,-2.566344,0.10787372,0.46717727,3.08168,2.3195906,0.29607645,-3.2909234,-5.0638027,-1.2133363,-0.96906227,1.1163248,-0.6135952,0.7952635,3.2265675,2.6952965,-0.2476749,-1.373504,-6.204609,-4.3605356,-0.4155159,0.75759,-2.0594807,hiphop
-111.16549,55.1944,-18.444693,47.21848,-24.78782,22.52642,-21.138931,12.542854,-15.849728,16.296558,-12.565083,9.60918,-12.127597,4.850224,-2.2139866,6.88599,0.49253634,13.001817,5.953298,5.440599,1.2442088,0.9924203,-1.0206131,0.50418895,-1.7948191,-2.611866,-2.3163452,-1.894653,-1.2611349,-3.9972782,-2.6290214,-4.067819,-0.1719462,-1.7839155,0.5539032,-0.2235157,2.0105226,-1.7864255,-0.38559198,-2.1512816,hiphop
-95.086945,94.193474,-2.5176678,49.53372,-6.6139855,33.199677,-7.5960355,20.963078,-8.853171,16.792492,-5.245886,10.775888,-3.4604824,7.310613,-3.4420853,3.8423052,-3.2273757,1.7994256,0.09320524,4.0050592,2.296964,-0.32168853,-1.5210928,-2.5917907,-2.3096955,-3.7731154,-0.19825688,-2.918516,-1.1369593,-3.0308573,-0.125602,-3.0793397,-1.6551853,-1.3738483,-1.0946332,-1.3739895,0.47685122,-0.39724976,0.17904016,-0.30017447,hiphop
-67.45474,94.84137,-38.85323,37.64175,-12.254448,36.9015,-12.652126,18.297035,-8.852412,17.983482,-7.2768803,9.716909,-8.74362,4.505954,-7.58996,0.22546402,-4.8740935,4.8480425,-2.0033994,-0.75252783,-4.128032,-1.7807802,-1.9610826,-2.672056,-3.229694,-5.318384,-2.802826,-3.8271825,-0.525961,-2.2765617,-2.0284255,-3.2796144,1.476074,-1.3410581,-1.7684561,-2.7549014,-2.0334594,-4.1253376,0.37243497,-3.9218652,hiphop
-74.19891,104.60867,-8.396771,49.658215,-9.376969,21.438307,-16.337013,18.78141,-13.079522,18.464,-14.953655,6.8762655,-15.326539,4.772736,-11.097988,4.74354,-2.8028693,6.797866,-5.8092246,-3.786318,-7.064177,-5.2915397,-3.6183999,-3.4343922,-5.3271327,-5.9394975,-1.9611816,-3.8971057,-4.168713,-7.154586,-1.3852072,-2.474814,-0.23580833,-3.0663424,-1.3236984,-2.2364361,-1.3847201,-3.8579464,-1.3296602,-1.5194334,hiphop
-67.10566,112.41543,-23.642479,44.281242,-18.861816,23.874338,-13.404416,20.146225,-10.650068,20.623596,-7.508759,14.423368,-9.39121,11.295234,-8.8619585,7.0855303,0.45575348,9.392796,-0.88695335,-0.57510746,2.8528237,1.8898405,1.4413873,-1.6257628,-4.6192102,-7.305026,-4.3549395,-5.0469575,-1.3658054,-6.038985,-3.0985944,-3.5862186,0.034925714,-2.8586724,0.20504005,-1.4610906,-1.1631907,-2.4352732,-3.0988052,-6.398998,hiphop
-129.40356,141.74864,-42.528156,34.001812,-6.9713745,8.687781,-11.36306,15.943838,-9.015018,6.639111,-8.326205,7.5594826,-5.469925,5.870866,-3.1525168,-1.6954042,-8.807614,-4.8580213,-9.291838,2.12316,9.27559,15.528231,9.609833,3.6441133,-1.8542652,-6.6364346,-1.8448913,1.4536011,-0.5763338,-2.075942,-4.744821,-1.7640139,1.3595536,-1.0835199,-1.8822293,-2.8041763,-2.8416023,-4.209111,-5.941506,-3.970536,hiphop
-51.27445,91.09927,-33.769688,69.9306,-12.950171,23.187635,-13.769311,23.784006,-14.735113,10.69933,-13.481396,6.0735264,-14.7200985,1.6862468,-7.245058,3.9597955,-2.6534843,7.552637,-0.1297563,-0.73014706,-4.7818975,-1.83354,0.54878956,0.7351907,-0.38149565,-1.404472,-0.92560846,-1.0980669,0.8009842,-4.3621087,-4.2128696,-3.0163186,0.16251445,-1.5407964,1.9357109,-3.0968428,-1.5962728,-4.756256,-2.8572183,-1.2672193,hiphop
-81.91787,94.772316,-16.236649,40.530563,-12.2472,28.186155,-20.102428,18.101372,-14.641278,14.184542,-7.25433,13.6582365,-8.488,7.899719,-4.8325133,5.101997,-5.8849735,2.0725234,-5.665477,-1.3740294,-1.7070087,1.3865618,2.3607957,0.48776397,2.5693076,1.3010199,5.1903996,2.3089728,1.5888258,-1.1826376,-0.39393172,-1.7728307,-0.1652781,-1.657337,-1.6103209,-4.5066066,-0.19505656,-2.855105,-2.5181825,-4.2664146,hiphop
-88.064995,77.3721,-19.0961,51.575947,-11.776864,22.210978,-4.727707,20.109219,-8.32937,14.603727,-3.8112483,8.579865,-11.464596,2.160578,-12.678757,0.3953054,0.985286,10.532833,7.6297636,4.388356,-0.9855445,-2.6011784,-4.6955304,-1.9420751,0.10664911,-4.4506025,-3.5014944,-2.8811872,-2.2672007,-6.548497,-1.9067243,-3.5551796,-1.9480748,-0.90741843,-0.044028457,-3.8264213,-2.2478013,-2.8007097,-0.45258236,-1.751555,hiphop
-76.82371,98.38955,-5.0260615,49.33168,-10.2882185,33.286823,-9.96177,17.61652,-12.23127,18.665478,-10.97679,11.510851,-10.490248,6.2619185,-6.977471,2.4990718,-4.895574,5.468563,-1.8260895,0.636413,-4.5491753,-4.9466367,-3.3254077,-3.4565423,-3.4165645,-2.594177,-0.3455211,-2.3337379,-0.4675138,-1.1469132,0.99277335,-4.5156407,-3.9345536,-2.899401,-1.4788303,-2.0645142,0.7772154,-2.5642095,-0.0440277,-2.2872288,hiphop
-113.496315,68.45945,-15.764092,56.38857,-8.150662,27.04156,-12.364466,20.665415,-12.666251,15.433281,-10.998275,14.049129,-12.502553,7.401503,-13.318547,-0.24479033,-12.045157,3.8187954,-2.6738074,5.6455956,4.7349205,6.1339917,4.0007463,-1.3575801,-1.6085829,-6.6316695,-3.333208,-3.3336751,-2.4423938,-4.8653345,-1.0104345,-2.1793842,-0.7513051,-3.736006,-1.861128,-3.607759,-0.09520839,-1.9212333,0.1351549,-0.9635552,hiphop
-64.652565,88.217316,-10.360637,41.794388,-2.56113,22.901436,-6.498876,16.630945,-5.801912,13.093463,-6.9120083,3.027008,-9.772857,2.3434885,-7.0578547,3.2029796,1.7207859,6.090178,0.37340653,-3.0363767,-5.564234,-6.719431,-3.847582,-2.4233885,-1.7455431,-7.392404,-2.430803,-3.4117146,-1.9177628,-2.6023667,-2.4625537,-1.6464518,0.97841567,-2.2706723,0.17603797,-1.7830172,-1.3252789,-2.1117692,-2.315099,-0.9870782,hiphop
-122.2709,50.584606,-27.789642,66.590706,-6.6044073,32.067585,-8.222272,22.451204,-6.9416566,21.064743,-6.183085,13.653635,-3.0919614,8.706374,-2.9218123,3.6755152,0.27340916,12.869027,14.640284,15.362202,13.044731,8.741236,3.984366,3.7277975,3.6354866,-0.21039572,1.4579738,-1.8958287,0.8813378,-3.0937636,0.11318213,-3.3042536,-1.3172009,-2.5163963,0.24970636,1.3303943,2.089912,2.0907242,2.7821445,0.5942296,hiphop
-27.619719,94.3955,-20.580795,49.872005,-14.710575,23.870302,-17.608202,24.036556,-15.884776,16.427292,-10.625279,13.890171,-10.467003,8.20633,-10.300277,5.019436,-5.749617,10.313242,3.633744,9.231848,2.3988056,4.173649,-4.630132,1.1234208,0.1719044,1.1536305,-1.2084312,-0.58962786,-1.6630356,-2.29036,-2.815163,-3.3517787,-1.1497116,-2.1331542,-0.75759053,-0.33933532,1.8774029,-1.8482927,0.7932166,-0.70021796,hiphop
-100.66328,110.21073,1.035769,38.765923,-14.493545,20.65263,-18.038023,12.568846,-14.126208,15.102986,-9.241577,11.399988,-9.509011,8.644918,-7.103832,2.9938877,-4.5059266,4.691581,-4.123483,-2.78631,-2.3158503,-4.898609,-2.8824577,-1.6939349,0.35075468,-2.6768873,-1.8670651,-4.0496054,-2.572739,-3.810299,-2.1991525,-5.9365716,-1.3206908,-2.8717759,-1.6610644,-2.1977608,0.96660507,0.93227065,1.3474705,0.2844583,hiphop
-44.67913,101.19932,-26.271496,52.930775,-11.720016,26.934399,-13.286411,20.705006,-17.487642,11.86239,-10.67016,8.376947,-15.428061,4.8771544,-10.053337,4.56282,-1.9874165,7.9827642,1.214753,1.3717061,-4.998556,-0.50796324,-2.5004938,-0.023936788,-1.5749537,-4.445918,-3.6801999,-5.051783,-2.0174053,-2.3241723,-1.6697843,-4.7060337,-3.3476653,-1.8813264,0.8708312,-2.044247,1.158944,-1.3730817,1.3055524,0.33788523,hiphop
-62.994812,86.3237,-37.947296,39.573452,-16.5329,21.116253,-12.255193,13.094143,-12.382425,16.648333,-3.980502,8.853623,-6.325512,5.704401,-6.3108354,2.3043609,-0.8654882,6.517326,4.682213,4.39681,1.4628236,-0.6013319,1.0140585,-0.6875562,1.2053106,-5.0459046,-2.3988094,-4.140382,-0.9629449,0.55952144,1.7905043,-2.4353034,-1.1338358,-0.81457436,1.8200822,-0.5297964,-0.17795567,-0.9189035,0.18239164,0.7686548,hiphop
-44.374714,93.37466,-22.270527,48.861946,-13.884773,34.419384,-6.2979827,25.889359,-12.322335,20.435734,-5.749465,11.854348,-11.549436,10.156776,-3.9590342,10.58692,0.8432876,9.215949,1.7228956,-0.23039737,-3.3547742,1.4917046,-4.372752,-0.87212265,-1.2654463,-2.6356337,1.0343698,0.57461756,0.9907286,-2.026544,2.1107082,0.9670737,3.1897638,3.4956934,2.4276273,1.1692169,2.0597098,-1.1516117,0.09316738,-0.7005115,hiphop
-103.22314,30.57212,20.809032,45.81602,9.800678,8.6273155,1.6164566,12.33468,0.51866466,4.9922233,-2.83595,8.032367,-1.3974612,3.3177283,1.2085941,3.3016279,-2.6962645,5.6360793,-0.7149581,2.758796,-1.1491241,-0.2905284,-4.6530256,-0.70856774,-4.1218963,-2.422147,-4.694635,-1.5650158,-2.374972,0.29328495,-2.65934,0.03348421,-1.0822544,2.831825,3.2057853,1.4209566,1.4450114,0.6430369,-1.0731907,-0.83636236,hiphop
-109.07124,76.91492,2.592334,19.059637,0.5502823,8.174562,-8.068408,5.952351,-4.3305674,3.6560757,-1.5556679,2.6334875,2.2520404,2.852226,-5.210044,5.3580384,-6.1856155,2.2385309,-2.4708722,-5.9738307,-2.868731,-2.1849082,-0.422543,3.9396493,3.6355388,3.6738486,2.558189,2.642237,-0.10523609,2.7115283,-0.56912833,-2.4047225,-2.008571,-2.2455673,0.35135686,-0.68254304,-1.5435926,-3.3053076,-3.7706473,-0.50103664,hiphop
-83.20265,67.71298,1.2305168,29.658491,12.577921,5.613066,6.211838,8.097906,-4.784866,7.664915,-1.1791574,4.242718,1.9306675,1.0202534,2.3805697,3.1090045,-8.059312,1.6720583,-1.6563996,-3.2753487,-5.5240817,-1.8400369,-6.2537503,1.3917384,3.1895552,6.1826434,9.255869,7.1415515,3.1549587,3.4531326,2.2210202,3.5005162,3.7300024,1.261492,-3.174651,-2.1442394,-1.1723043,-0.5306778,-2.105842,-2.5679195,hiphop
-72.5143,57.03795,5.9483895,25.904427,6.6623893,11.494862,5.1092014,10.105276,0.95039636,8.6856165,-1.6870507,5.997685,0.14304218,4.966505,-2.012679,6.097602,0.09555146,4.1566687,0.25136542,5.891547,2.8900857,6.6647067,4.4508133,3.4659534,1.4014906,3.3814228,-1.1870427,0.6775837,-0.9360873,-0.07517477,-3.3357031,1.8730263,0.07037775,-0.1974652,-0.78753096,-1.3193728,-1.7378583,-0.78141433,-1.994732,-0.72411233,hiphop
-23.79403,43.71694,30.55069,26.501972,4.336693,21.913748,2.576287,6.990405,-1.4965212,4.582283,0.4170425,2.464586,-4.074756,-2.0174928,-3.5647283,-0.12832613,-2.4766893,-1.0378424,-4.7686734,-2.6154184,-5.779343,-2.392657,-4.6860814,-2.1761043,-4.8405223,-4.3429165,-4.8266883,-3.703678,-4.4451113,-3.1109664,-5.8160787,-3.5748136,-5.2432413,-2.9215019,-3.0622683,-2.4470346,-2.6038952,-1.4751302,-3.1235979,-2.9067478,hiphop
-25.108788,60.825592,-4.1871734,14.848388,6.795023,6.098334,15.451296,3.784735,5.6598086,10.247506,0.8633308,4.183889,0.9262049,3.2527385,0.21559027,2.6983185,0.70473063,0.89628994,0.3617592,-0.0064072744,0.24963011,3.829234,-1.0665742,0.4118383,-3.4485154,-2.341286,-3.6756566,-0.9805358,-0.57977307,3.2298248,3.693388,3.0141423,-1.0632915,-0.33583257,-1.735741,-0.5302458,-2.2115486,0.13363563,-0.48379147,0.16858147,hiphop
-148.12135,90.56765,-0.2753233,28.855238,19.306164,15.245031,4.2814665,15.519956,1.2726043,11.129076,8.849078,6.316172,1.6312523,1.4264013,-3.4119391,1.1954081,-0.72351325,0.7817317,-0.4509489,1.7203562,-1.1211045,0.4562218,-3.2255583,0.54912716,-1.1614658,-0.67067343,-2.1461217,-1.019347,-2.046847,-1.5741948,-2.3578367,1.7441019,-0.46342537,-0.7296558,-2.7488241,-2.0420341,-1.7359148,0.77818036,1.0345639,-0.41181138,hiphop
-31.93763,59.89348,-2.7075214,33.514893,13.086964,9.461902,-1.6719098,14.184528,3.1383483,6.803654,1.1695601,3.8993716,1.6967896,1.254311,-1.4599717,-0.16600089,-1.5947375,1.8287376,1.5520316,-2.3023357,-2.9484067,-1.2306405,-3.813071,-1.206197,-4.2761297,-0.856735,-3.9699266,-0.912881,-3.2592087,-2.2748358,0.3434043,-2.5657308,-2.959396,-0.16913329,-0.21616654,0.6422983,0.23592937,0.65976405,-0.59781575,-0.7946566,hiphop
5.8419895,53.237312,-8.979136,26.946,0.44115087,15.555138,1.657118,7.6658325,4.9847784,8.606436,3.414468,8.525944,1.1329905,4.909482,0.8620597,3.4024034,-2.8807528,2.7900434,-1.7171186,-0.27817854,0.6285604,2.5040128,-0.5674368,2.1615803,-1.3971449,0.8257766,-1.4658126,0.6934299,-0.6889686,0.09548166,-2.0268714,-1.7657129,-1.7375004,-1.2289042,-1.9588385,-0.93266386,-1.5748748,-0.3567929,-1.8866923,-0.60963845,hiphop
-100.91944,64.29094,12.551603,26.481697,12.40743,12.13596,2.4698937,18.496998,1.5057791,12.0577135,-1.4862084,6.7316265,3.8606362,3.0960424,1.7575848,4.5550957,-2.365775,5.4360013,2.7719076,3.722725,0.2530201,5.2788696,-1.7570782,-1.1253083,-1.5143327,0.07352599,-1.1199344,1.7584436,1.2055256,3.0474522,4.2035556,3.6264195,-0.14002845,0.13682947,2.5324767,2.540086,2.9286897,2.228842,1.4460403,0.6167776,hiphop
-220.95444,41.13651,-13.99925,33.61879,12.183349,13.665729,5.9543242,7.631934,5.290375,10.4727125,4.765573,6.5006533,6.4908986,5.4590783,2.5724354,-1.635883,-1.5488938,3.0862727,4.928209,3.715603,5.4514422,9.446858,8.168609,6.4329014,1.4707774,-0.8071288,-1.3096826,-1.1254306,0.30997124,-0.114776656,-0.19865409,-1.5697982,-0.34542096,0.84235245,-0.37947127,-0.16539676,-2.164853,-1.7111309,-2.5352201,-3.4174154,hiphop
-96.6639,30.600752,2.5303547,12.69253,-10.973727,-2.1038084,-3.6324103,-7.5899434,-5.3217125,-0.68403137,-4.148996,-3.1092334,-4.8592544,-3.0990715,-4.161172,-2.5633743,-3.4825435,-0.3457977,-2.8692477,2.3299165,1.7789136,-0.29590997,-3.1902997,-1.436741,-1.0938888,-2.7788918,-2.6628115,0.48041028,-1.7954932,1.3582985,-0.8786258,-2.1594582,0.66992426,1.3487614,0.98625404,2.6518896,0.043511275,0.3730391,-2.240147,-3.3205717,hiphop
-62.8069,72.1019,-16.114138,27.418505,5.5609536,1.8214277,3.9023921,8.463778,-2.007449,5.825009,0.15586385,-0.30150026,-0.66753757,-1.4832999,-0.06580478,3.2086806,0.6697355,1.1243902,-0.93676585,-3.0775096,-0.946626,-1.3162024,-1.2129987,-0.25497726,-2.8847842,-2.9638634,-1.9272536,-1.0579853,3.644625,6.057215,2.96452,-2.4809835,-3.994275,0.0035543058,2.0885205,4.2762117,2.5898824,0.33003956,-1.8769577,-1.7207503,hiphop
-121.61006,76.91942,29.013481,9.935919,3.1737647,5.1753216,4.9683127,-1.0265123,1.170761,2.1393538,3.1176481,1.1366773,-0.7820611,-4.9822226,-0.12525718,-4.5053763,-2.1900976,-1.3730919,-3.155975,-7.364276,0.9602477,-3.512774,0.28161725,4.905104,0.017238652,4.9150767,-2.5114145,3.9910386,0.9644231,0.10463325,0.75167346,-3.545024,-0.78796715,-0.79133373,-1.0101972,-0.4475263,-2.641504,-1.121357,-2.0712762,-2.7498755,hiphop
-185.25148,96.74281,44.600403,13.892823,6.01466,-2.9065557,3.2618506,-9.664786,-3.6485925,5.251207,-0.9549689,7.687712,6.0880246,-0.11232198,0.57322156,0.50927186,-5.8695807,-5.458773,-3.0603395,-4.7819695,-0.3910069,-3.0231118,-2.8305142,-3.8990717,-3.8682911,-0.64140767,-0.25826016,-1.7864015,-2.9074621,3.1804185,0.42740586,-5.3517785,-4.5808077,-2.853464,0.1314118,2.4322395,0.5544337,0.3943218,1.7840434,-3.4126313,hiphop
-76.582634,68.337524,-0.9878049,30.346247,3.6340492,5.2012157,3.2781923,2.9408545,5.555166,4.673672,4.3292913,3.4459429,2.8557057,1.4406077,-2.3228574,-2.6037676,-5.0569625,-3.9807496,-5.5648823,-0.00071191933,-2.9280658,-2.2411673,2.3177223,1.2595925,-1.230926,-1.371683,-1.6465709,-0.33857456,-1.7731866,-5.8383613,-0.5058021,0.16156822,-2.6253128,-2.9561543,-1.1825845,-1.7937922,-2.8795516,-4.462537,-4.1351247,-2.1164165,hiphop
-74.35975,48.817753,4.047643,35.84637,12.497232,13.47496,9.024468,12.56751,2.486558,12.132177,9.134346,3.9287133,4.571033,1.3762095,3.1932342,4.332538,-4.2572207,2.8328743,2.6930997,2.7469275,-1.8615468,1.1318945,-2.5220737,0.5882467,-1.0383074,-0.57064635,-4.7543116,-2.3068635,-2.3698037,-2.5576754,-3.272496,-3.2039635,-4.3445196,-5.5587897,-6.4593153,-4.6059127,-5.61669,-2.1835523,-2.6366801,-3.565723,hiphop
-155.63774,113.65833,-4.024229,18.278229,13.48391,8.251857,8.810651,11.110943,8.910264,10.224346,6.1002116,9.738549,9.320228,2.259448,2.8474398,7.5475535,-2.662322,0.9173482,0.44310457,0.7698158,-3.419311,-1.3826808,-1.286827,-4.8973413,-5.2100234,-6.5841203,-6.382065,-6.6971097,-1.179175,6.272633,10.637308,10.263033,4.708277,-1.6318552,-7.3043694,-7.758624,-3.546457,0.51861745,0.19241843,-4.2880616,hiphop
-267.52255,77.79211,-18.189766,18.888138,1.9943974,-7.588774,4.7138777,-7.698333,-10.356959,10.975267,-2.8659422,-5.7574377,2.347153,-7.099608,0.40505192,-1.8043371,-8.364888,-3.072545,-4.399869,-1.651445,0.576392,-2.402365,-0.7725286,0.1965659,-2.5096126,-2.6698837,-1.8607446,-1.2897496,-1.3209606,-1.7400312,-1.9021196,-0.9567471,0.94814914,-0.5690747,-1.6215167,-0.7077683,-0.15046683,-1.7462306,-0.8326117,-0.020647408,hiphop
-121.61006,76.91942,29.013481,9.935919,3.1737647,5.1753216,4.9683127,-1.0265123,1.170761,2.1393538,3.1176481,1.1366773,-0.7820611,-4.9822226,-0.12525718,-4.5053763,-2.1900976,-1.3730919,-3.155975,-7.364276,0.9602477,-3.512774,0.28161725,4.905104,0.017238652,4.9150767,-2.5114145,3.9910386,0.9644231,0.10463325,0.75167346,-3.545024,-0.78796715,-0.79133373,-1.0101972,-0.4475263,-2.641504,-1.121357,-2.0712762,-2.7498755,hiphop
-75.66786,91.0224,9.864941,25.09408,11.801716,10.166983,0.12458107,8.227129,1.6348943,0.4970397,1.8070879,5.4929857,1.2929039,1.1345568,-1.1895083,0.37554058,-1.2076176,-2.0606058,-1.2071042,-2.634707,-3.233191,-2.086208,-2.1791096,-4.666067,-4.11283,-3.231013,-2.7978,-0.69866914,-1.4642864,-0.22995071,0.3636767,0.6922183,-1.4968277,-2.3129206,-2.278521,-2.2707345,-1.90249,-2.978139,-0.62487733,-0.33034703,hiphop
-76.64228,52.776497,34.640076,26.187645,16.660328,11.346408,5.853892,6.9042387,3.664476,-0.9604271,3.875897,4.4879446,0.63659954,5.4337535,4.1940684,0.8124227,1.6306313,0.6943534,-2.8060632,-3.4109476,-4.524414,-8.618607,-5.9516373,-4.982941,-3.0211568,-1.5969113,-1.2597284,-2.2021005,-2.688942,-5.113994,-2.655739,-1.7260262,-0.14512077,1.1753392,-0.18411933,-0.4211022,-1.3583782,-0.80877024,-1.5860989,0.10532961,hiphop
-87.680786,79.37558,25.071247,45.16531,11.199144,18.170176,3.5208578,6.9955754,1.2674153,2.3607879,-1.7764663,-0.012601752,-2.7059743,-0.48828393,-5.2594147,-3.8652692,-2.5075831,-4.6821017,-4.984883,-4.423426,-7.0552077,-5.790994,-4.8827796,-5.0535007,-3.6891494,-3.4991965,-3.4362152,-1.5569905,-3.23004,-2.037463,-1.2493012,-2.4807603,-0.19594258,-0.07426424,-0.17744103,-0.7192077,-0.20029555,-1.590832,-1.9634442,-1.1142471,hiphop
-44.555233,41.6235,29.91263,51.863686,12.87563,13.724889,7.962605,9.290234,8.388367,1.899423,1.1413116,4.564992,5.5246224,1.3144537,2.34945,-0.7992,-4.252003,-3.5728974,-3.835539,-4.442142,-5.5156097,-4.4419904,-3.0843227,-0.004017077,0.7270214,-0.3899411,2.902723,-0.42904463,-3.53011,0.39163595,-3.717218,-4.806797,-1.5547265,-2.3784568,-5.23715,-4.387508,-1.7074507,-3.1900733,-3.560293,-5.8545723,hiphop
-114.06302,110.11895,17.930183,37.930096,27.968828,1.4038033,15.553618,1.4255453,7.354289,-3.3255098,8.241861,-0.18475705,0.68286747,3.3338144,-2.4720285,0.75097793,-4.8478117,-2.3932738,-3.29144,-4.609848,-2.1881583,-0.7712607,0.03349734,-3.8807914,-2.0374513,-3.3607695,-4.102665,-0.83669215,-0.6669231,0.4189595,-0.81520766,-3.2747178,-2.8864646,-3.0228238,-4.346493,-3.7863674,-4.224306,-3.327405,-4.005196,-4.7817273,hiphop
-78.71352,73.09978,21.83404,49.21601,3.1142886,18.307453,1.8565904,8.398898,1.4257842,4.219165,-1.3232716,1.2506557,-3.0139782,1.7983278,-1.8407835,-0.99266994,-1.9069359,-2.634608,-4.791962,-4.8620996,-3.0432591,-3.0900383,-0.74367476,-2.327083,-4.262454,-5.7338443,-5.4574566,-4.4404287,-4.040025,-1.0975454,-2.5399938,-2.2570188,-1.8050754,-2.6125133,-3.845514,-4.092706,-2.0940027,-1.9912204,-2.3435583,-2.495737,hiphop
-146.51694,81.558525,31.962297,22.430374,5.098355,13.628087,6.495129,8.408916,4.438316,5.010662,1.8354231,2.8645813,4.5268016,3.8527682,1.3351526,1.230336,0.57735336,-0.17094105,-0.659073,-0.088919446,-2.8250191,-1.6025976,-1.5632204,-1.8830897,-1.0921624,-0.75728244,1.5684397,4.4175477,3.6431077,3.489969,3.7996285,0.8045759,-1.8171328,-0.9667073,-1.3619483,-1.663436,-0.9369271,-2.3550994,-2.1759956,-2.4830399,hiphop
-144.97781,66.67153,44.280056,22.528505,6.5213594,8.85033,11.895541,5.837181,3.0436742,6.451863,3.56229,2.5228522,3.8309376,3.720096,6.821516,5.0689015,0.4771591,1.0826528,1.956073,-0.07564607,0.1488401,-0.8743068,-0.73596084,-1.1269389,-0.6856266,-2.1452715,-0.9417907,-1.9730153,-2.0075397,-1.8043804,1.0477028,1.6752504,1.9023948,2.3519804,-0.1642509,-0.99585897,-0.76477724,-2.6384563,-2.6402164,-1.1395702,hiphop
-104.715996,64.03459,28.791668,10.54608,15.168903,13.066784,8.023293,5.2342043,6.73682,5.12485,4.4460244,4.464318,3.354734,2.422061,0.18586989,-1.5202584,-2.567993,-1.1960529,-2.1893506,-1.8801897,-5.0807514,-2.722403,-3.7040792,-3.710574,1.1107521,5.002906,4.7967086,6.093052,1.5946898,-1.3153082,-1.0333933,-0.95702285,1.0192032,0.6153644,-2.1782076,-0.06668793,-0.89296144,-0.55066276,1.7908193,-0.27246374,hiphop
-161.47679,104.041115,-10.936409,43.69308,13.973775,14.462216,7.506261,9.4815645,6.4391665,6.9952273,1.3608631,4.438623,-2.926756,-3.2144325,0.04458486,4.159957,-6.4395256,-4.9638324,-4.2142115,-2.2782378,-3.9061358,-3.9517486,-5.348814,0.058824357,-0.45815757,-3.2979414,-0.9583723,1.5623713,-3.6907792,-8.886022,-1.488184,0.9847243,-1.6536193,3.593522,4.279795,-3.1572216,-6.7317886,-0.7477252,0.97173995,-5.272333,hiphop
-101.081245,72.40871,-2.3747907,46.051167,5.5450935,24.21515,3.540355,14.531002,5.654686,13.53511,4.972193,9.905891,2.9368954,-2.9988053,-1.2425075,2.3058746,-2.8192255,1.7559552,0.85589564,-4.3526983,-3.8420622,-4.812807,-2.4192555,-3.6017332,-5.515568,-2.9654546,-1.1702785,1.4082186,0.34391397,-2.4749615,-6.377213,-7.893665,-3.9317381,-1.2318997,-1.2228034,-1.3580242,-3.8857853,-2.4728794,-3.7367394,-4.7078915,hiphop
-113.628265,87.07087,-0.63808334,52.25518,19.377625,19.676193,15.387045,13.71075,6.951093,9.07707,7.965796,4.412705,-0.15473121,-0.43290403,0.22154199,-0.83721715,-2.1796699,-1.9916912,-4.4428053,-4.3010197,1.8620305,4.3018093,1.5617446,-1.7206624,-3.3587322,-3.4311144,-4.348486,-6.796457,-2.3760347,-2.5064247,-5.4754076,-2.7224746,-3.2262304,-3.5948036,-3.7703393,-3.5213501,-3.0466788,-2.6903172,-3.0837057,-2.9221005,hiphop
-109.83064,63.104633,-13.840905,43.019493,6.142044,23.18746,8.019648,10.65603,0.98032296,5.321308,-1.832165,-1.4251207,-1.8639747,-3.1835,-4.740081,-3.8052502,-5.5368443,-3.185932,-3.2629235,-3.928107,-5.519532,-3.731409,-4.4386344,-3.4054344,-0.8467919,-1.8900976,-2.0557675,-2.3230002,-2.3591146,-2.2160492,-2.6778286,-2.6829238,-4.803642,-3.9142575,-4.3308015,-3.3813639,-3.5675256,-3.6241727,-2.1173294,-0.54919755,hiphop
-133.22668,93.950745,-2.2413456,50.195454,12.518455,15.036698,11.511907,10.2486,7.9517236,10.803761,1.9746124,5.198634,1.0662619,2.1747072,-1.5162953,-0.4487203,-2.4607768,-3.8682592,-1.7064383,-2.774622,-3.9179256,-4.5324073,-3.8199134,-7.9455566,-4.3002334,-3.1571777,-1.1384097,-1.920974,-3.1442666,-2.5081253,-1.5790282,0.06800261,-2.5783117,-2.7539926,-1.1379313,-0.6187383,-3.2447703,-3.7021627,-1.7090815,0.28619325,hiphop
-153.50096,92.7777,-15.882089,57.95243,8.575667,18.462399,13.276261,11.162719,7.613732,12.974225,5.661205,7.017445,2.8843374,1.6163462,0.012030917,3.0243316,-0.23418821,-1.3870301,-2.3182173,-1.3271762,-2.716655,-1.4889327,-1.5169141,-1.2731949,-0.7400259,0.016584072,-1.5680116,-3.04291,-3.8144054,-2.7984784,-3.373901,-0.4281059,0.3740239,-0.15452935,-3.712945,-4.903235,-4.980099,-3.5157516,-4.1648173,-2.0576277,hiphop
-127.29857,95.78884,-12.756139,37.96444,20.579317,23.185547,8.276987,9.615845,8.685041,5.52123,6.6797314,4.0264277,1.7274877,0.7245981,-0.42298803,2.2443924,-1.6068017,-1.2154621,-2.2126098,-0.7387683,1.0920405,1.5790185,-5.344954,-2.9572513,0.59654343,-0.51669437,1.1763655,-1.7045743,1.047026,-0.11039641,0.3147737,-2.2035427,-6.363824,-1.8645934,-4.7245264,-1.8482772,-3.4240296,-0.25482005,-1.0878278,-1.0666616,hiphop
-144.1154,73.38274,4.689501,24.034184,12.896577,14.024166,8.642745,6.9087343,-1.2130752,-0.84052324,1.1626186,2.5793061,-1.1129531,3.141817,-4.232443,-0.45609245,1.6542614,1.2135501,-0.47557473,-2.0354865,-0.79450727,0.13671531,-1.0246353,-4.5407248,-4.182017,-3.648281,-5.001112,-5.818175,-3.1707356,-2.121025,-6.77962,-3.9112244,-2.4654787,-2.703138,-2.066529,-1.385646,2.1404443,1.1206094,1.2339778,1.4078643,hiphop
-98.840996,71.10852,-10.045742,31.723394,5.1446595,1.8752184,-8.893279,-4.2644506,-5.962237,-4.2694745,-0.658704,-1.8606144,-0.5169802,2.5744352,-1.0586432,2.2042825,-3.9438968,1.2048683,0.2833143,0.06957243,0.32162783,0.35387668,-0.3297634,-2.841429,-1.3514024,-1.1216834,-1.2617941,-0.39625016,0.14822146,2.5432198,3.0448802,1.2003256,-0.18250898,0.68936473,0.39450818,-0.66965,-0.36497605,1.005519,3.4432547,0.7225082,hiphop
-82.424774,69.95745,10.693318,48.804077,4.6395693,13.286027,-1.7903582,5.122208,-1.0849245,-2.7959132,-2.5498505,0.21808504,-3.1269517,2.3010356,-2.7060976,-0.78290915,1.7319455,-5.139214,-5.694948,-3.7939513,-5.269443,-5.34635,-4.317479,-5.960452,-4.9628515,-6.3108196,-5.072723,-3.6131315,-3.6570017,-1.7417227,0.69190395,2.828477,5.5562153,3.6963577,-0.17397691,-0.41920173,-3.322441,-1.5590035,-0.24460462,-0.5911705,hiphop
-140.14876,77.06105,42.029648,31.239225,12.191809,10.215243,3.7374847,8.286639,-1.5532026,-1.7558184,3.6267605,4.589859,-2.5492668,1.8537717,-2.7621264,-3.623143,-2.6331491,-1.5240895,-2.6590376,-5.086118,-3.3201401,-3.0588017,-4.767204,-4.96262,-3.6933026,-5.687042,-3.6596203,-3.713707,-5.18061,-2.206671,-2.6910048,-2.2345202,-3.0580375,-2.590797,-1.7592082,-1.202205,-2.4176686,-1.4337715,0.5233936,-0.559026,hiphop
-111.84788,89.10123,13.179904,36.344612,-3.2759247,3.877823,0.5638423,6.3377275,-2.1796095,2.979102,-1.6365569,-0.36629114,-3.4718988,0.7764608,-0.23096856,-3.1901186,-3.7024403,-4.0010753,-3.0203526,-2.4579573,-2.1027584,-0.73713106,-3.1967804,-2.663951,-1.7772661,-3.0371475,0.66713285,-1.3647094,-1.9491184,-0.5741606,-2.1232615,-3.4678717,-3.9366708,-3.5611832,-1.4175146,-0.9875808,-0.288431,-1.3753794,-2.03046,-2.0125093,hiphop
-74.77094,58.740543,9.939784,21.570108,15.071628,4.9377294,2.282748,5.468898,3.1200333,0.6039442,2.466406,4.2114406,3.4745803,3.5953388,2.7740333,1.8845738,-1.7012312,-1.1449335,-1.3548872,-4.0136967,-6.5735717,-5.8526826,-3.8207672,-0.7826772,1.8659083,4.8302703,5.3792124,1.4981419,1.7611915,-1.5507003,-1.8382516,-2.2968774,-1.7006251,-1.8049197,-1.0148792,-1.7168317,-2.290154,-2.8732562,-3.6334965,-1.6213957,hiphop
-66.06442,74.91577,20.634378,39.27426,8.157337,15.135332,-0.38283697,5.5729513,1.4617357,-0.6336607,-1.571073,1.4559902,-2.414519,-2.1937199,-4.3210588,-4.4203515,-5.131102,-4.2903647,-6.3375936,-5.0165033,-6.2620597,-5.069178,-3.1674795,-3.1769264,-1.7290459,-2.7416928,-3.3587847,-0.32576558,-2.870199,-1.5077627,-0.3644226,-2.9507968,-0.77003604,0.009496263,0.024157947,-1.0804662,-1.5348954,-2.498988,-2.7644444,-1.399491,hiphop
-59.209255,36.208042,39.834282,49.976196,10.150851,16.890434,9.76988,4.446044,2.4115605,1.7071004,2.3673708,3.909562,3.2013638,2.6227624,3.218716,1.475742,-0.69441247,-3.1585226,-2.1044989,-2.3737836,-1.5649261,-5.9745173,-4.700579,-3.808318,-6.5468063,-7.5471077,-1.4707164,-3.9255273,-4.5254807,2.0230992,-0.122073196,-1.7210735,1.0541656,0.6115185,-1.9458243,-2.2202876,-0.55174893,-1.6318133,-2.6287227,-3.6584277,hiphop
-81.68595,82.33597,53.54203,25.494244,15.711485,19.212008,8.4409275,6.372037,0.20460086,0.15445593,1.1984615,1.5259027,-0.725247,1.3517001,-0.38283345,-3.129231,-0.49216715,-0.73947495,-3.7766733,-2.505176,-4.4678283,-4.7316713,-5.619963,-5.107827,-2.8845675,-3.8348265,-5.03873,-0.7993902,-2.0932322,-2.3735611,0.075144716,-4.0875688,-0.54292786,3.038302,0.3403199,1.4338697,1.882048,-0.35379046,-2.7231576,-2.2307813,hiphop
-78.69876,51.460278,42.217045,30.076286,20.110863,6.993341,8.018718,6.883307,-4.6201587,3.6496065,3.6401927,4.3249474,2.6078753,0.76624185,-9.1659775,-2.1590145,-2.6716974,-5.5222917,-1.3241625,-2.4780135,-9.030242,-2.5941186,0.08091197,-7.3805375,-2.7492442,-2.410956,-7.372984,-1.2194859,-5.3117456,-5.608507,-1.205794,-9.561002,-2.3309257,-4.4145613,-2.3624098,-6.303055,-4.6956816,-3.2698934,-8.733569,-2.7717278,hiphop
-118.020584,102.3068,20.772593,37.010674,24.395523,7.802754,15.927474,-1.5940949,6.763179,-0.7802006,8.579758,1.473606,-4.2227297,3.0189223,1.010989,-0.98029953,-5.4668136,-1.3039747,-4.241458,-5.00742,-1.1023186,1.3724178,-0.16351283,-3.2915254,0.038006574,-3.872222,-5.8620024,-1.3561481,-3.468309,-5.2269907,-4.5749564,-3.5446758,-2.1182597,-3.4361675,-2.9534106,-2.0752494,-3.9276717,-1.2608268,-1.504464,-4.544753,hiphop
-78.25045,70.18874,45.908947,42.075985,15.097315,10.689846,-0.69202584,-0.6105204,0.37156427,-0.35092282,1.102735,-0.67174685,-0.8145327,-0.8111803,-4.241297,-6.0840497,-2.9617288,-3.7095819,-4.606727,-4.9819074,-5.521331,-6.2366614,-4.314577,-3.7288127,-2.0788538,-1.9807904,-0.48094532,-0.52394754,-1.1259533,1.1135439,-0.0646702,-1.9792819,-1.2387936,-2.5023727,-1.8325231,0.48125106,-1.0556948,-0.065093525,-0.39737567,-1.432466,hiphop
-68.78753,62.373886,24.279099,53.785713,-1.9191564,12.823493,-4.35876,12.354515,-0.22019345,9.053527,-0.97755194,3.94197,1.9162539,2.2540576,-2.5221896,-3.5294874,-2.924685,-3.6497655,-3.4206944,-3.7197106,-3.8419616,-2.0592654,-2.1776657,-2.9487364,0.033956833,-3.5784507,-2.7311587,-2.7915363,-0.68211937,0.056418333,-1.0229369,-0.3975901,-0.72429746,-1.5460109,-0.35469738,0.25507542,-0.25379267,0.085376136,0.43428728,0.036182366,hiphop
-94.57142,51.723648,17.519943,28.904242,2.0637572,3.7271113,-1.85162,4.36836,8.781322,2.1316025,-1.3799784,4.6916013,4.077907,0.014573088,0.21375863,-0.4370366,-4.119476,-1.1030105,-0.1276486,-2.763157,-3.970403,-4.405905,-1.3311675,-5.4074025,-3.0566092,-4.6728454,-2.0623088,0.08011807,-1.4761331,0.6514911,0.59283346,0.44034672,1.4671327,3.1975093,2.53907,4.8024344,1.3054374,2.021115,0.20749931,-0.8772625,hiphop
-111.22915,89.94116,4.4531455,14.530579,9.934057,-9.441967,2.9049582,-0.13894077,-3.0650673,3.2723684,-1.4969656,1.5704437,2.3964047,-1.1631627,0.87109846,0.6744047,-5.169126,2.7299318,2.3492885,-0.2558081,0.26616544,4.1497526,1.7608672,2.0609727,5.6732273,2.8561926,2.1416595,0.90656936,-0.7031356,2.1423635,0.33316433,-3.844117,-4.1325684,-2.5910642,0.215676,2.8743238,2.5102196,3.660042,4.0007086,4.4012713,hiphop
-25.853546,70.94636,9.54849,17.47975,-1.6311874,-0.5474361,0.26069033,-4.6436267,-0.5859255,-3.086073,-2.4065418,0.3865389,-2.158143,-0.34495544,-2.3784094,1.9354966,1.3124206,-1.2795856,-2.0184262,-0.19688798,-2.333853,-1.4004755,-0.5425085,-3.5165591,-2.2464185,-3.6722362,-3.3078234,-0.81454533,-0.48240364,-1.5472528,-4.5238924,-1.4309562,1.1524868,0.5123654,-0.81413895,-3.3310573,-3.5072086,-1.8799036,-1.8805614,-2.8869553,hiphop
-111.22915,89.94116,4.4531455,14.530579,9.934057,-9.441967,2.9049582,-0.13894077,-3.0650673,3.2723684,-1.4969656,1.5704437,2.3964047,-1.1631627,0.87109846,0.6744047,-5.169126,2.7299318,2.3492885,-0.2558081,0.26616544,4.1497526,1.7608672,2.0609727,5.6732273,2.8561926,2.1416595,0.90656936,-0.7031356,2.1423635,0.33316433,-3.844117,-4.1325684,-2.5910642,0.215676,2.8743238,2.5102196,3.660042,4.0007086,4.4012713,hiphop
-79.74996,62.27512,-5.1084466,18.229969,12.862356,-14.114573,4.9116673,1.6750956,-5.7800555,0.81444377,-3.8078806,2.0120642,3.4144382,-2.872423,1.2645156,1.752267,-2.2722964,-1.0350908,-4.6091976,-2.822466,-1.5211141,-1.8089186,-0.41295403,1.4691346,-2.5187776,-2.0131795,-0.17273962,-0.72052795,1.9371195,3.0303407,3.3476653,2.1180549,1.3211586,0.8508721,0.11570239,-0.9677058,-1.3837589,-0.44389263,-1.2099481,-1.8852437,hiphop
-64.00121,50.804565,6.6021595,27.830774,6.6337037,0.29855335,2.8219564,3.2134213,0.16524182,0.61031973,0.0955655,-5.067103,2.66281,-1.637957,3.1019537,5.152146,-0.835596,4.8471527,0.24540162,-4.8498383,-3.6636803,-0.98450065,-2.5223136,-2.9623408,-0.94449496,-4.2387743,-1.9646696,-0.5551105,-1.7534641,1.3208516,3.7850072,5.3981466,6.9232173,4.857847,2.020022,1.212127,0.43502557,-0.8561716,0.34836155,1.2835102,hiphop
-216.06976,122.55899,0.9373184,39.356617,9.28822,26.045794,-4.027803,18.25638,-6.511409,13.911771,-3.0722864,8.876829,-4.358552,4.6917276,-0.10699897,0.9101855,-1.9222292,-1.7801155,1.1610227,-4.0251594,2.3732412,-1.4298313,0.013162832,0.66494995,-1.2663107,-0.48237213,-0.70553845,-2.9735887,-2.8522444,-2.1305578,-0.86599296,-0.5683437,1.0083958,-0.5097498,1.5714121,-1.5712947,0.0045271246,-3.4005089,-0.20376909,-0.738426,hiphop
-122.780525,95.06129,-29.36325,46.780045,-15.998561,27.117586,-13.113779,20.258003,-5.389465,15.459252,-6.909567,15.645838,-6.7070956,8.281757,-0.7531099,9.420004,1.2628136,1.6747185,0.48605138,1.6133196,-6.473169,0.54456073,-2.0215607,-2.357068,0.83087516,-0.762401,5.6279354,1.8645405,3.234041,2.3042161,0.087928064,-2.711144,-0.35323814,-1.050694,1.5121067,-0.20923287,2.1235166,-4.6304717,-4.1494117,-2.9739058,hiphop
-122.01623,89.59382,-25.749514,40.978493,-4.280537,27.57391,-15.565974,22.410402,-10.840677,19.818462,-8.638995,19.10022,-8.472635,9.432506,-3.4016783,0.98333335,-5.6490164,2.0140295,-4.319846,1.8859324,-2.5299733,2.9994774,2.111255,0.015611028,5.37427,-0.13545321,0.006226058,0.2618128,-0.11887858,-0.8657713,1.5358534,-1.089271,0.4004901,-2.8454804,-1.2094816,0.42407507,0.13224764,-2.7571757,-1.1459216,-2.077342,hiphop
-214.31303,100.31755,-33.45657,47.25948,-8.953327,12.991591,-17.322506,11.068476,-11.724058,8.812742,-7.8322988,6.2648187,-0.10495939,4.896774,1.1980613,3.7862828,1.4717628,3.4848027,0.65265834,4.1510696,1.8809586,1.7435416,2.3543365,-0.093325324,2.5793078,0.5081345,2.820871,0.6061713,2.6112027,-1.0114042,2.7779565,-0.9997927,1.0629203,0.9082406,0.059191205,0.5011638,0.7211405,-0.6808671,1.3272127,0.29066575,hiphop
-114.30269,80.86407,-18.181608,50.662548,-14.933624,29.2647,-20.050333,18.58835,-17.686916,16.67295,-11.416136,16.297127,-4.473333,10.56288,-4.071208,9.144475,-2.847377,0.637928,-1.9969021,0.5702692,-0.8843378,5.752526,2.4418058,3.36018,3.0443606,-1.3135911,1.515767,-0.0818669,2.139414,-0.7958272,1.9368789,-2.8003876,-1.050826,0.31695032,-0.21577765,-2.216083,-2.6324089,-1.5149937,0.63110936,-3.9577463,hiphop
-198.97505,92.61563,-19.53599,39.540478,-0.6448095,33.591434,-6.4655643,27.517143,-2.4129982,14.994363,-2.9805148,14.907302,-3.3871675,9.281903,0.8351726,8.28487,-0.58572507,-1.6136755,1.2587285,3.052636,-3.0417964,-2.2277567,1.1560185,0.7267366,2.8739645,2.1279192,-1.6823405,-6.5917425,-3.9212549,-4.107453,0.28294444,1.6725662,2.1578267,-2.3580217,-1.8210351,-6.7501874,-3.063952,-2.1436753,2.5504332,0.019028608,hiphop
-168.3471,70.93957,-3.0408056,54.825478,-12.104619,30.515268,-1.521291,28.844461,-8.925714,18.759966,-6.6007915,14.6028805,-3.5750635,14.19275,-3.9637115,6.930111,-4.171835,5.868638,-1.5135263,1.2838984,-2.1337605,2.016769,-0.2483675,-0.76341534,-3.0733387,0.55190474,-0.902682,-2.980938,2.2695673,-0.3923633,-1.1597008,-1.893175,1.1705198,-1.6518981,0.27706504,-0.62932575,-1.6148106,-3.9473794,-1.6367898,-3.3542194,hiphop
-89.86678,79.76334,-25.737309,47.726387,-10.019151,31.556944,-22.19752,26.661226,-10.976785,18.823181,-15.565013,14.414716,-10.038895,8.900903,-8.932949,7.2392864,-5.013773,3.1289532,-4.7381425,-1.5847808,-4.947466,0.41500184,-2.1714246,0.15443808,2.1164176,-1.895022,-0.1547623,0.59174615,1.7726911,-0.14844456,0.9161271,-2.0698457,-1.9859746,-1.895665,0.5461544,-0.5784118,-0.014225207,-1.660628,-0.8754255,-3.8906145,hiphop
-103.13827,74.09022,-22.43464,51.60479,-7.0798135,32.67097,-14.993524,19.642502,-7.0712337,22.27215,-7.3240576,17.61178,-0.045685288,14.720984,-4.2429547,10.659666,-6.3376107,1.0340246,-1.8354768,5.550285,-2.13134,4.56292,1.6014026,3.7483613,5.3333383,4.3315864,4.6603665,4.5141745,0.99238724,-5.735992,-0.42537364,0.17014158,2.8372548,-0.90716517,-2.9065003,-2.8182523,2.6197498,3.8814607,-0.0021278216,-3.0570486,hiphop
-109.50918,97.389565,-20.619621,37.36667,-3.1259978,28.611204,-14.169424,23.862112,-8.736171,19.892464,-11.298632,17.939692,-3.482387,8.219098,-8.952912,9.264581,-4.989858,1.8386624,-2.2514331,0.67537093,0.36374232,5.1658893,2.0636353,2.1794667,0.2718731,-0.99121386,1.1915191,0.1088678,0.873648,0.06869741,0.25252146,-1.6024373,2.648177,0.46306297,1.1224405,-0.4695631,1.2657034,-1.3612548,1.3580835,-1.4518117,hiphop
-105.56951,76.67491,-24.774305,55.19899,-8.257658,28.899265,-15.7475815,26.304575,-8.49144,20.454643,-8.151382,13.922347,-6.5663123,9.869241,-4.8636723,5.876529,-1.9471784,3.9654107,-3.6028059,-2.2880113,-0.10377167,-0.44356373,-1.2022573,-0.31835136,-0.89725995,-3.3924549,-2.492911,-2.9463987,-3.8431778,-3.1392925,0.39001152,-4.278713,0.3193006,-3.278698,-0.41549644,-2.850996,0.28480718,-1.4233295,1.6374214,-2.7316103,hiphop
-144.99234,84.061775,10.848203,43.601334,6.2818995,36.12911,-14.662279,26.805468,-10.33603,24.696184,-8.72415,18.79265,-4.396879,9.877954,-8.135771,8.817563,-7.8857174,2.8736496,-4.346152,-1.117504,-7.7545033,0.1408719,-2.0571456,-0.14703643,-0.10220609,-1.7938927,-0.3530389,-1.0690826,-1.0875094,-2.55214,-0.6141537,-1.7973312,0.44112667,0.4509354,-0.47100848,-0.99864686,-2.339634,-1.6440678,-0.6875905,-3.1418664,hiphop
-191.63844,41.317802,4.992499,65.465614,-4.3202295,42.641537,-12.253161,23.817207,-4.27326,16.03992,-5.085685,16.431042,-9.372979,6.6640673,-2.7305558,-0.44324714,-7.421273,4.5704155,-6.9745793,2.4684424,-1.4053541,6.2074614,-0.6216413,-1.245588,0.11236086,-2.8418,-2.3930528,-1.6863126,-0.92268217,-4.6081424,-0.77579045,-1.682785,-0.8785529,-1.2631139,-1.451766,-3.3036175,-1.5823082,-3.8453028,-1.4106325,-2.7977748,hiphop
-169.93532,98.057625,-11.311489,38.265522,5.069619,25.395584,-11.830673,25.108501,-5.558388,19.205223,-2.9109883,18.213062,6.1053805,13.954817,-0.30130023,12.484424,0.4084341,1.6486974,1.5285937,2.8091319,-1.178427,-2.3123314,-1.1544832,-4.828354,-0.6602108,-2.2442162,2.9493432,4.5008135,6.4986873,3.9969978,3.3439593,0.21456659,2.4471264,0.6561688,1.7402679,-0.35421306,1.9683437,-0.7777114,1.0469408,-0.48711082,hiphop
-92.59165,77.41268,-32.75637,54.59612,-13.199195,33.65628,-12.085772,28.015388,-11.966782,18.82935,-6.6704774,13.036641,-7.0213475,7.0742083,-4.5371237,6.4979115,-2.9733756,3.7062724,-5.411391,-4.21347,-3.711849,-3.981398,-4.8614163,-2.400226,-1.7580147,-2.7330747,1.8425946,-3.2708087,0.1284892,-2.9294493,-0.66200924,-2.0753005,0.5249908,-2.0362356,-1.3051997,-1.5010647,-0.4777623,-1.9393021,0.65564233,-1.5435146,hiphop
-128.15352,124.5842,-37.200493,43.892124,-12.789882,18.988997,-9.285406,19.781609,-6.8781185,13.477492,-5.979898,12.329025,-4.6527686,5.8328543,-2.8728828,3.682468,-1.8806287,-0.13902044,-2.0508018,-3.2196097,-1.7053646,-2.861584,-2.2525241,-3.311838,-1.2937508,-3.991716,-0.65328884,-4.9261446,0.0063255,-2.1393774,1.3310747,-0.49212572,0.28365356,-2.3973012,0.25231948,-0.70863944,1.5423753,-0.90095353,-2.049305,-1.1791266,hiphop
-111.189964,80.63883,-0.8759614,50.6178,-13.474106,35.3258,-14.840686,21.193808,-13.577968,19.628601,-11.768657,16.968807,-9.362857,8.7006855,-9.89255,5.8139825,-9.137597,0.87771237,-5.9910493,-0.3092346,-1.942469,6.0484047,0.8933068,2.4245405,0.28853497,-0.050793484,-1.7283618,-0.24038038,2.229572,-1.93195,-2.5970073,-3.1258714,1.3940951,-2.5818348,-1.0324888,-2.8837576,-2.3873193,-3.3711233,0.99874717,-3.8090975,hiphop
-129.95169,72.02137,-23.253374,63.230637,-6.873468,34.400772,-12.189914,30.506071,-7.582158,20.604498,-6.197449,14.683234,-2.939595,9.047847,-4.740089,5.3837647,-2.414432,1.6269444,-5.98083,-0.82341677,4.256624,2.374156,-0.35326698,-0.7559936,1.162636,-2.6352122,3.549009,-1.1612464,0.22746995,-2.9805045,-0.34960043,-3.1323042,-0.19225742,-1.6582073,-3.6037068,-3.8170102,-0.7678269,-3.327341,-2.7089024,-2.7858772,hiphop
-138.74834,100.20922,-31.457195,32.444756,-2.7770364,13.111024,-14.509458,13.948756,-15.169027,8.204797,-4.920586,3.5231583,-7.9803023,0.7993211,-2.9753177,-0.7297646,-7.7199607,-1.2179403,-6.522993,-5.3951826,0.4531396,3.571551,7.5087657,8.392,12.438325,0.7569832,-2.8981304,-6.341877,-1.6370105,-2.3522038,-0.6410785,-1.4890133,-3.5652554,-2.5968235,1.4267111,-2.2481842,-1.9546012,-3.491567,-0.5429616,0.61595,hiphop
-251.99103,137.88876,-11.156676,8.355846,0.7175984,1.5888838,-3.7369921,-4.138826,-5.510426,-2.6428099,-3.535575,-3.1450665,-1.8456105,-0.99968755,-2.5880935,-1.9635668,-1.5052294,0.21605945,-1.994943,-3.3498683,-1.5316106,0.32160157,1.0284146,-0.17774391,-1.6520683,-1.2643945,-0.48648703,-0.45939612,-0.24706814,-3.0558996,-2.6994405,0.5507819,2.4792798,0.7590237,-0.7726412,-1.8940282,-1.9218856,-0.7966287,-1.0570401,-2.754927,jazz
-345.7682,146.9814,-0.49109605,22.63897,5.8185916,10.342899,-0.1702681,-1.7211475,-6.119701,-0.5134584,1.0318323,1.2220972,-1.9446281,-5.5536976,-4.4034724,-2.5995615,-5.1962686,-5.426081,-3.129261,-0.79394513,1.9079038,0.6533607,-2.049494,-2.3357942,-1.3723124,-1.0047076,0.532313,-0.420555,-2.2813196,-4.224239,-3.25843,-1.9806108,-4.4169316,-4.5898976,-4.6467843,-2.7311604,-1.3874329,0.8855995,3.1756861,3.512959,jazz
-257.01797,175.31583,-44.815468,25.663235,-4.256741,-0.22128816,-11.323123,-9.186279,-4.099932,-8.300055,-22.553421,-7.608669,-7.6533217,-11.745615,-8.175761,-7.5016975,-12.297941,-6.7714224,-3.497884,-8.646908,-8.522768,-4.610539,-5.825137,-7.828261,-1.0745306,-2.9114332,-2.0502908,0.26998892,-3.4233391,-6.240113,0.7646531,-0.14065874,-5.6494102,-6.7971344,-3.5602877,-4.6076927,-0.48565933,3.1845062,-0.49764314,-0.98683417,jazz
-297.2327,193.09448,10.135854,-1.6042597,3.4037557,9.997605,-7.269057,4.6904345,-5.398844,-2.8661933,-10.235335,0.38492396,-4.966055,3.242382,-4.4782815,-1.8856791,-2.2746387,3.8804512,0.34528288,-2.2132213,-4.2867503,-0.5546378,1.7340375,2.0023487,1.2694477,-1.6982238,-2.968634,-6.6133885,-3.292266,0.45571044,-0.16363856,-4.3195157,-5.259752,-5.752389,-2.3464124,-1.1148692,1.6178472,1.699447,-1.2224658,-6.2699013,jazz
-270.312,137.55493,5.622032,42.5081,-7.959412,9.935899,-6.8239927,8.244322,-6.1889544,5.469562,-5.445732,-5.178623,-6.994632,-3.2311838,-2.0175724,4.406213,1.9930397,4.9886174,6.586949,-2.418629,-2.2118936,1.4258145,3.332367,1.7314241,3.3877413,-2.5215285,-4.5269485,-5.3566337,-1.6115857,-0.39378977,1.8027102,-5.261232,-6.227853,1.3605254,2.5996652,-3.0894742,-5.9530387,-1.6395354,0.83440226,-7.252808,jazz
-246.32089,120.20309,-0.9341648,30.689386,0.1911538,23.146517,0.42938477,9.172055,-0.57383287,5.7225223,-3.756935,4.2316713,-0.27937397,7.4462867,0.7113848,7.070838,0.8656316,0.95133173,1.7338496,-1.3477298,-4.6024017,-3.798609,-2.031049,-2.8690891,-1.6837326,-4.186703,0.68367237,-1.6486784,-3.235127,-8.9676075,-9.323645,1.7147982,3.834786,-0.89039314,-4.439037,-5.0671887,-6.3045397,-7.6450663,0.26227108,1.6128211,jazz
-234.3426,142.7224,-14.277185,51.923065,-8.200179,12.773935,-4.295218,12.082512,-13.723852,-1.5506785,-3.9817665,4.937514,-3.9372153,2.1901507,-6.6842165,-9.763288,-4.4732585,-5.533499,-1.1700695,-1.1021103,3.156124,2.0732727,1.7647253,1.6960366,0.32529682,-3.504712,-4.178679,-7.290916,-2.937265,-2.2137165,-4.6608076,-8.394063,-7.8396554,-3.7826967,-0.9255964,-1.5542117,-4.39378,-3.938048,1.2564962,-0.78162384,jazz
-291.9665,137.64107,2.6701071,35.637436,-12.310618,15.607239,-6.7985826,-2.8389623,-3.7904332,-3.4771762,-1.7255415,10.397662,8.31119,5.228631,0.33438346,0.3818246,-1.4845998,-0.7641722,-6.3113217,-5.534649,2.5091484,3.2448382,-1.7125076,-3.211188,3.61202,-0.5718108,-2.9880667,-3.4371963,-1.9279346,-2.7399328,-0.11388461,1.1013992,-3.2668335,-3.856508,-1.8974907,-3.8180912,-2.7195814,-1.6594135,-2.1900408,-7.965956,jazz
-189.91695,134.41617,-25.677439,45.7453,8.189717,21.450272,-4.58438,14.390941,-12.660092,10.2806425,-7.9415693,-1.1395625,-5.047989,2.4128122,-5.010759,-2.1543717,-4.2402406,1.8404955,-0.443366,-4.7699075,-1.2368377,-3.9046514,-1.9290375,-4.6997843,-3.782355,-1.6383888,-0.23307912,-4.958677,-5.485992,-1.9465361,-3.183075,-5.5255556,1.3800122,-2.8097324,-5.656123,-4.502081,-0.9905397,-2.1159525,-1.5784674,-3.1839328,jazz
-296.6781,172.37865,16.867044,18.952925,1.3671668,14.381316,0.9986541,9.520248,-7.4175553,3.5217025,-7.659343,-0.10418455,-7.962856,-3.197102,-8.079399,-4.0539804,-0.84452397,-3.868959,-2.8218153,-6.9223995,-0.3634239,0.41726807,-0.3881139,0.19753115,2.112653,1.3758935,2.59189,-1.6897196,-2.8291402,-2.6927004,-0.5998873,1.8674452,-2.76961,-2.7266376,-2.5774097,-3.8662288,-1.8924848,-2.3079104,-4.0144753,-4.9630647,jazz
-318.80017,162.65161,-16.45293,39.116074,31.457941,15.257577,-0.6891271,5.7950263,-8.640236,-4.003876,1.3734986,0.09258098,-3.0869427,-1.5318713,-1.5808212,-4.881458,-4.259913,-1.2951262,-0.75336635,-4.4288716,-3.1448314,-3.859771,-1.3986548,-3.2771828,-2.2031994,-2.5125363,-2.5970182,-4.298326,-4.141127,-1.3103052,-5.565593,-3.7333062,-2.1351242,-3.2950053,0.898566,1.5534452,-1.2122285,-1.3087771,-5.6537037,-8.373723,jazz
-192.5174,113.18369,-6.373059,39.593094,-9.189579,17.204056,-19.1146,12.203582,-15.475888,9.702117,-10.9617405,12.922776,-7.292179,8.494464,-4.1659617,0.97554296,-7.1334233,1.1970458,-1.1769778,-1.2938058,2.713611,2.5315056,-3.8519373,0.0041077323,3.8318,-4.0347557,1.0553905,-2.0217178,-1.0843841,-1.038607,1.8859276,-4.029427,-6.92875,-1.1145221,-0.025055263,-1.0050359,-0.8040353,-6.078154,0.391911,-1.8899578,jazz
-253.22859,122.68326,-5.654043,40.59252,-5.8463955,18.427742,-16.653337,14.598943,-15.162859,8.216918,-13.890628,8.28256,-7.312089,5.423102,-6.3090177,2.789326,-4.2350698,0.5374836,-1.4851404,-2.5387597,-0.33991802,-2.9007182,-6.0086856,-3.0151126,2.863282,-4.1253214,1.0705563,0.4744722,-0.12913506,-1.915789,1.160126,-2.9030514,-3.4416072,-0.09857178,0.09487856,-1.4563826,0.051600926,-5.7100725,-1.5386404,-2.0918667,jazz
-217.64452,112.63787,12.686546,39.541504,-9.824912,17.383015,-12.365174,20.71796,-18.302826,16.35581,-10.025548,9.036939,-6.8994865,7.310711,-4.7856507,8.571133,-2.774218,1.2789534,-0.36045954,0.34737915,-3.134346,2.5648026,-1.5199411,-4.864405,5.6697216,-2.9788022,-2.3976665,3.945877,-3.8435512,-4.0358734,3.2996924,-2.0281343,-2.203761,-2.2842433,0.7924612,-2.8794787,0.80221754,-3.1597977,-0.8828764,-2.5755754,jazz
-358.30573,137.95895,-11.000713,20.85169,1.9473583,-3.4139953,-11.5203085,-3.2774692,-11.020816,-8.386407,-7.478809,-1.0018492,-6.738015,2.3913643,-2.625818,-0.27813852,-1.4365344,-1.6825632,0.9089209,4.435913,7.136256,1.5483081,-1.4838954,1.8977166,2.5437098,-3.515964,1.0102866,2.2312758,2.8157616,-1.7571468,-5.710168,-1.4568406,-1.9028537,-4.279895,-3.2663922,-3.2306263,-3.1350193,-3.1439579,-0.37527966,2.8092017,jazz
-200.01402,117.22407,-12.376733,39.106846,-6.360409,16.528856,-17.306795,13.629066,-17.661602,14.0300255,-10.206364,12.1770115,-6.719636,7.73678,-8.080098,2.6364028,-6.647841,4.868258,0.70245844,0.4618348,0.71051735,1.0198371,-3.9082394,1.8758144,3.0264614,-5.214205,1.4827145,-1.4785674,-1.7862422,-5.079684,0.63388574,-0.57840115,-2.8925047,1.5032808,-0.42975807,-2.3427322,-0.36332917,-4.897507,0.28332138,-3.092025,jazz
-259.8296,123.20836,-6.4113007,37.575974,-2.9846907,13.062033,-14.093771,5.306913,-11.979528,3.5143046,-9.639545,5.340487,-7.8407803,3.2650988,-0.5539107,2.8862455,-0.029541016,2.1029868,1.1109309,2.9338827,4.0419903,-2.1165543,-2.5423963,-2.0034833,3.6894755,0.13159685,2.7810802,-2.274706,4.019729,1.7037256,-3.290947,-3.3525753,-1.3128797,-0.7945029,-3.1633606,-3.9556434,-0.32154402,-6.737288,-3.9109218,3.184667,jazz
-233.09598,105.91778,-2.6766143,37.433624,-8.178378,15.727415,-15.066482,8.377423,-16.38041,8.630883,-9.384078,7.093085,-5.9991117,1.992087,-5.7264166,-0.94129616,-6.9125576,-3.7720146,-1.6410496,-2.4500198,1.2888519,0.35498568,0.18521482,-3.1214454,1.9665006,-2.6902235,2.2202163,2.0894861,1.796443,-1.0181607,1.6253833,-3.2300491,-1.5392356,1.7335052,3.1028438,0.792479,1.3517057,-2.9152398,-1.672196,-2.9075067,jazz
-192.12538,105.58749,-26.031012,40.159424,-6.6549788,26.496704,-10.388105,18.469723,-13.995583,14.937352,-12.68688,9.585426,-5.1951475,7.8301735,-3.8694513,12.349874,-1.1174871,-0.7776857,-2.9812977,0.35809553,1.3621161,2.7892091,-9.307811,-4.4714823,-0.47651082,-1.3255776,3.9588952,-3.5455194,6.8658633,3.8153908,-2.9482088,-0.8411454,-0.43771976,-3.2881622,0.3785648,-0.22266045,0.4771857,-3.0482757,-0.3235815,-2.2101011,jazz
-267.28662,129.05225,-14.73706,41.26877,-1.014971,22.953379,-8.132359,11.179749,-9.073574,11.318423,-5.499914,13.579102,-1.1755174,1.8777983,-2.711161,3.2768626,-1.5962929,0.2642104,-0.6178976,4.506901,4.9397955,2.8407013,-2.4077961,-6.9492474,0.32714066,-4.97234,-2.5459547,-5.421445,-2.8693204,-2.6023898,-2.0747886,-2.577322,-0.9387276,-5.8834634,-2.3137686,-5.2628736,-1.2538432,-1.118835,-1.8862896,-1.110531,jazz
-376.69403,119.16358,-2.9616616,48.50888,13.156193,21.24449,0.012301087,8.008127,-0.41269517,2.3665779,-0.039356314,0.89695203,1.6664363,-0.1388924,1.3513168,-0.17528975,1.9937044,2.7235878,1.7619061,0.4488514,-0.9748839,-1.610514,-3.692763,-3.8484514,-3.5810487,-2.6360343,-2.4537313,-2.5707788,-2.7887986,-4.660028,-0.66663986,0.9356793,1.0383888,-1.5744545,-0.94597065,-1.96954,-1.2259487,-0.019308368,-2.0257006,-4.812328,jazz
-174.70403,75.89945,-12.7928505,52.606617,-29.416119,22.748615,-22.366758,18.633335,-24.704725,21.168024,-13.802683,13.009406,-7.8598876,8.022093,-5.9713917,9.527811,-6.0026174,2.3379805,-3.3587654,2.5073993,-3.1913798,-1.0184519,-9.397081,-0.30105767,-0.4782304,-7.968147,-6.0551634,2.038586,-3.4458756,-5.19964,3.2821677,-1.1672257,-6.773728,-4.6724763,-1.8841734,-4.6144967,-1.2988107,-1.1447212,-2.1962767,-6.825065,jazz
-298.80795,112.07821,6.48577,28.386517,-6.7646794,16.651894,-11.809684,12.746783,-8.347038,13.898632,-4.235764,2.319571,-4.3267937,1.4079038,0.71406513,13.479482,9.4194145,6.914652,7.8777847,-1.78274,-1.4696448,3.5830595,0.69558716,-2.4207523,0.052816764,-12.964647,-2.9023802,-2.4827254,-4.5527077,-3.5917027,-1.723225,2.58053,0.16599277,-2.5254502,-0.129284,-3.114244,-2.2839406,-6.7840323,-3.586145,-0.81345505,jazz
-188.10991,98.63331,-11.278644,47.21775,-20.33315,18.785868,-15.794505,13.689795,-15.45581,17.430902,1.0143803,18.283552,4.647218,9.836633,-5.4971385,2.126732,-6.255142,-3.4161563,-2.9926603,2.2102191,3.366655,-0.8803298,-4.1968474,2.5418289,5.4558916,-9.210602,-4.1206546,0.9567663,-6.3917537,-9.605482,2.511932,0.6162484,-5.3826885,-8.209976,-1.7174947,-3.4276686,-0.50506413,-0.6769088,-1.747158,-5.6923947,jazz
-202.60838,105.84573,-20.537842,43.897964,-14.272349,25.299541,-15.592009,15.311663,-13.294728,12.276099,-8.764148,10.158419,-1.8681066,6.1886625,0.21987575,8.036413,-3.1621928,-0.45418754,-3.5693436,0.72203994,1.0884492,-0.76560396,-3.7934601,-3.684189,2.2096872,-6.6835127,-3.0163789,0.61350536,0.48235372,-3.6865518,-3.4742348,-4.5614223,-1.0419114,-1.4480317,-0.60809386,-3.276843,-1.9842949,-3.6233788,-4.0733237,-3.339561,jazz
-237.66241,108.30336,2.0399823,41.773727,-10.451949,16.930843,-8.600079,12.78567,-9.114532,15.938528,-6.518534,7.1738243,-8.2532625,-0.20715974,-8.692223,-2.2442806,-4.727633,-3.5138726,1.4635621,2.414113,1.8365543,-5.8536077,-8.262043,-3.2072375,2.5224311,-6.225024,-2.5434468,-0.73574215,-1.4551475,-3.9478838,-1.9595526,-6.879688,-6.27723,0.6449898,1.4520564,-0.92894185,0.61099213,1.0949172,2.3167174,-6.7321057,jazz
-414.14978,104.844124,-7.8215127,37.875397,0.21377875,23.427856,-7.2741013,5.7665963,-1.0599747,8.498607,-5.4900293,0.8940594,-1.4638131,7.720704,1.2548677,6.03524,5.2437243,2.4281998,7.604022,9.802248,14.023388,8.378427,3.409072,-3.0496397,-2.2250564,-3.9965549,0.107134484,-3.4314806,-8.692595,-11.208348,-1.0992815,2.3165336,-4.024289,-8.451584,-5.949996,-3.806518,-2.8365057,-0.24499346,2.4385862,2.7062986,jazz
-262.1244,108.98235,-6.3325505,55.18973,-10.662287,18.535446,-4.2509165,18.561224,-19.706917,17.57483,-10.982368,11.932401,-3.4279113,7.197286,-8.854766,4.9730906,-4.053073,-0.11804511,-0.8198279,-0.6021667,-1.2914021,-2.1254232,-1.3600681,2.581142,4.617892,-5.7997975,-6.634885,-4.6705556,-0.58295274,-4.2748337,-4.4791164,-4.535769,-2.9486454,-2.727342,1.1712005,-2.490183,-0.5362104,-3.5693855,0.25551745,-5.7981496,jazz
-233.75851,108.46989,-10.714609,38.69959,-10.764275,14.162392,-16.258524,10.3716345,-20.816319,10.070498,-12.024098,7.7657723,-12.021539,3.3820167,-6.3585634,3.9780886,-1.2818811,-3.8250744,-6.2285657,-4.948927,-3.4430752,-3.811599,-4.39789,-2.4114063,3.0838423,-9.921193,-2.8086255,-3.1642964,1.1657153,-3.8430104,-3.2171617,-1.4001312,-3.659214,-2.2027318,-1.2898866,-2.98213,-3.8604233,-6.31847,-1.1133863,-4.0366964,jazz
-232.99846,93.82679,-16.198397,49.573948,-13.947246,13.494128,-11.8284,13.29052,-25.828712,17.37681,-13.317585,9.2779255,-5.4937844,1.9250959,-14.404328,2.5919955,-11.481819,-1.2296811,-5.2042394,-3.8765178,-3.047925,-3.680071,-1.8448853,2.682212,3.2993615,-3.6683207,-2.609816,1.4848039,-0.30274877,-3.9089065,-2.5365212,-2.406415,-2.4975262,-1.6161709,1.7355405,0.050244004,2.2693639,-0.47855356,0.35829476,-3.4357646,jazz
-318.9286,115.70399,-23.042324,52.599457,-12.819439,14.633502,-8.213702,0.30774957,-23.876354,10.8421955,-9.591384,7.4833236,-4.242237,2.9921114,-4.399105,-1.045387,-5.395035,-5.510678,-6.970526,-1.7180663,0.30325904,0.30707747,1.7032225,0.9928585,4.3312163,-3.2420454,-1.7619919,-3.3904107,-4.616811,-8.313387,0.7194343,1.98807,-1.9973454,-3.3450108,-0.34756932,-3.3923936,-1.7262994,-0.97643733,-0.0049405643,-6.776973,jazz
-237.4993,115.943375,-15.457233,47.112404,-13.510732,18.199331,-13.971238,15.334493,-17.535894,13.420798,-6.2305856,8.634658,-7.2484007,4.7821355,-4.3985643,4.5109816,-4.2662787,2.3292108,-9.923247,-4.325604,-1.2902399,-3.464415,-2.0894222,-3.7864022,-1.224934,-7.3093057,-5.285049,-2.8621643,-3.487248,-2.52443,1.3612688,-3.283227,-2.9110062,-2.2443764,0.7701538,-3.284341,1.015535,-1.6143243,-2.168844,-8.053421,jazz
-305.4945,121.9265,2.5947762,36.92105,-8.559167,17.905397,-9.27087,10.555924,-9.937912,2.3099349,-12.68508,0.30534208,-8.61895,2.5933342,-6.9699116,-2.9224603,-4.6507382,-3.2466342,-4.4511476,-3.968114,-1.9847442,-4.853653,-3.8679934,-6.0418706,0.41505086,-3.789437,-4.4871936,-4.2566123,-1.1565776,-3.986817,-3.3652616,-4.3722305,-2.3688173,-2.395245,-0.69774437,-0.5919453,0.23777351,-1.0346949,-1.9952846,-3.0269883,jazz
-261.7981,139.52618,-17.128895,49.894917,-5.868644,19.853361,1.8584793,5.718643,-7.8311825,-0.4173504,-1.2528474,-2.1903841,4.465002,-0.31179237,0.11012415,-0.27918017,1.9837531,-2.6391046,-1.1543754,-5.369062,0.39433375,2.9702554,2.9624095,-0.27000934,2.3106282,1.3729416,-1.9287536,0.46366373,-1.1010457,-0.7167884,-1.6197283,1.1314417,0.9049208,-1.3862554,-3.0740032,-3.1061192,-0.9949048,0.3498529,-0.1263992,-2.7295845,jazz
-146.41248,118.20678,-34.672737,58.787292,-14.969058,34.30445,-6.6033516,13.900935,-14.64558,9.200511,-11.337796,1.0974853,-5.503307,-0.1480933,-2.1899934,-2.7196248,1.1250768,-5.5950594,-2.7608356,-7.1366477,-0.73392916,-5.0420933,0.30211416,-7.4476104,-4.525175,-9.192884,-2.8566356,-4.249523,-4.6314354,-4.2312174,-2.4736245,0.42800838,3.0096862,2.2576187,-1.7413528,-0.858179,-3.3612366,-3.0260518,-1.1135873,4.6642528,jazz
-261.8773,182.53572,-16.907091,49.871548,-1.2144476,6.345548,6.0023866,-8.87311,-10.31628,-3.2050645,-5.3718143,-3.5495334,-2.8916366,-7.471893,-0.5367145,1.1297973,-1.982169,-5.232583,-1.8658417,-3.5023198,-1.9365984,-0.17729045,0.25407428,3.088828,5.073442,1.4996951,2.4130533,6.9427032,3.6410182,0.48319596,-0.7222601,-1.5157123,-1.0067502,1.2809662,0.5856884,-1.1960431,-2.8994722,-1.9590033,0.9862187,0.7670155,jazz
-196.84306,152.79964,-36.910046,41.803524,-8.70902,4.415908,-11.570121,1.4324355,-14.735855,0.4683204,-10.17039,-6.9220095,-6.25243,-3.7121272,-4.5659947,-6.4165106,-2.9002304,-4.85339,-5.8741407,-9.119882,-1.9212769,-3.7128253,1.7714785,1.0179644,0.4112554,-2.4427865,-0.7120487,-4.8983717,-3.8865433,1.801028,3.1421077,-2.1293068,-6.554027,-1.9699442,-0.015250239,-2.182021,-0.8027079,2.6417708,-3.638526,-6.2667747,jazz
-198.46254,140.68542,-18.416391,30.510452,-6.7052684,15.720156,-0.73312247,7.2968287,-6.5850825,6.07465,-5.1329575,3.4482963,-2.8441162,7.178578,-0.31250188,-2.018028,3.1283484,0.8673351,1.5159483,-0.2343305,7.906534,4.28234,2.6612413,-3.2528775,-1.0904846,-0.6940516,0.35674462,-5.370032,-6.843289,-5.942024,-4.7656045,-4.3069816,-4.605832,-5.427369,-2.363924,0.3818901,-0.58168465,-1.9247401,-4.2663255,-1.7601749,jazz
-179.59479,124.327644,-29.741776,45.383682,-10.188967,17.7808,-8.817681,12.764227,-10.756725,8.615612,-12.390897,3.3914459,-12.018151,6.511954,-9.865381,-2.809282,-5.114865,-1.1965954,-1.8772842,-5.6373334,-3.099752,-8.236511,-6.7305684,-9.254877,-3.872571,-4.7454557,1.9827815,-3.4273477,1.7464542,-2.672437,-2.204724,-4.800166,-0.079899296,-2.0216813,-1.8441885,-1.4324971,1.5640697,-1.2167633,-2.6482067,2.239505,jazz
-237.23965,146.8258,-24.444063,64.27367,-10.8339815,3.2591314,-1.3375037,2.7255344,5.1689434,0.3977406,9.61138,2.5067873,3.1193674,7.759573,-1.5198307,1.7340521,0.7672743,-2.4550922,4.009995,-2.002492,2.8453732,2.0888603,-1.7736859,1.1219758,-1.8405445,-4.887774,-0.5573049,0.13412598,-3.3780408,-4.619613,-1.784832,0.037659965,-1.8058739,-1.7571107,-1.9685079,-2.4989045,-2.0586374,-1.2642887,-0.6124724,-0.6332888,jazz
-179.7903,147.7629,-20.479698,58.623974,-23.80918,2.4678257,-3.195293,-9.301367,-5.759236,-0.42645633,-8.36673,3.102465,-6.851183,-4.383366,-1.180979,-4.269698,-0.55573153,-3.5810244,1.5018762,-0.60820824,-1.3527956,-3.130426,-1.2711604,-3.3045352,2.7930331,1.4538219,2.129381,2.3997357,0.81309354,-2.1891375,-3.3231235,0.09678135,0.85265714,1.2050377,-0.50368935,-1.9093097,-3.2052798,-0.8811403,-0.76898044,-1.702341,jazz
-216.31119,134.98277,-35.48068,61.595497,-14.545805,11.046172,1.2093089,10.962498,-8.294633,-1.4437149,0.12248726,8.281558,-4.5786414,0.567787,-6.1023593,0.20412971,-0.5929209,-5.035705,-1.2523042,-7.2209473,-5.010237,-4.087447,1.7039824,-1.6097351,-2.5469978,-5.4209576,-0.8448146,-3.3854601,1.5806826,1.5835077,-3.5285184,-5.1741858,-0.80059236,-0.1580606,-1.4679741,-3.7033014,-2.4888868,-1.8228692,-2.9718308,-2.7741995,jazz
-206.78493,141.83739,-13.811613,49.346706,-24.811642,11.820209,-12.791096,-16.55724,-8.389539,-1.2063179,-7.6506824,-1.3711843,-9.346775,-7.500102,-2.865562,-6.141148,-0.94135696,-1.3060672,-2.2506697,-3.284735,0.41053343,-3.4772367,1.1619389,0.42213142,-0.98929507,-3.8285427,0.9114943,-0.14062585,1.6858331,3.7458756,-1.6887137,-1.5086122,-0.49769843,1.3274457,-0.41012695,0.996708,-0.42750308,-1.2736251,0.07674325,-0.054237768,jazz
-173.28468,111.695885,-35.922306,45.8553,-11.438424,19.691586,-8.049164,17.94719,-8.949708,14.695817,-10.342502,4.6709743,-11.79871,3.2452478,-7.9869537,0.087448604,-3.57606,-0.43947637,-2.1039727,-4.8935876,-4.469986,-4.8622236,0.12362293,-0.67536676,-0.38333282,-4.6507263,-1.7371414,-3.9644175,-3.0346193,-6.1181655,-4.126373,-2.6249504,2.2701166,-1.7259521,-2.9714994,-4.6544256,-0.92417693,-1.4063094,-1.9685657,-5.071338,jazz
-246.97653,167.98892,-19.801535,22.009905,-0.73479825,15.093262,-1.2836858,4.7284274,-2.0619886,6.532096,-1.3844993,5.6376348,-0.2860059,5.652524,3.1969109,1.8621632,7.0115137,5.044913,2.4658363,-0.89810926,1.8049035,4.705754,5.428856,1.928649,1.0017322,-0.5275281,0.8481621,-0.9192915,-3.6481292,-1.7701577,-1.039671,-2.0334833,-2.46767,-3.4482791,-0.40431425,-1.6131681,-1.9319923,-3.3698027,-4.152613,-3.1628933,jazz
-231.32324,174.37616,-19.749836,47.37502,-1.9767631,6.6665854,-1.1248547,-5.499828,-13.732543,-3.6929977,-6.3150654,-1.5051628,-2.6337101,-7.269516,-2.3065696,1.0365754,-1.1124698,-8.569704,-4.0475135,-3.914494,-1.6037658,-2.4645414,-0.92624515,-0.6736171,0.9124019,-1.9184971,0.790061,6.4813485,3.4594886,-1.411421,-2.4234204,0.3013727,2.6576521,3.9667244,1.0225865,0.30205557,0.79766166,0.5047893,-2.0168009,-3.111989,jazz
-204.23213,147.5966,-25.218628,49.354248,-15.650294,2.7000427,-7.8495536,-10.64235,-4.7988915,-3.6669726,-3.5059483,1.5687526,1.472206,-2.7254915,-0.27923682,-2.2208846,1.5168806,-1.0502745,-1.7688463,-2.4751627,1.006987,-0.5425614,-1.9628098,-2.4760373,-2.7538116,-2.3384776,-4.9357133,-5.1542397,-1.2363778,-2.0315013,-5.2284417,-3.331611,-1.9350344,0.1711533,-1.6229523,-2.9570074,-3.2632244,-2.71196,-1.2178661,-3.2222915,jazz
-201.8075,109.284294,-15.505195,44.283955,-11.047105,18.851797,-11.312692,18.409912,-18.911566,11.226409,-11.899514,6.9697394,-11.650191,7.0859737,-9.120557,9.888988,-5.6546845,-3.324047,-5.450979,-0.30501267,0.8318152,6.2013984,-6.1391463,-2.7482324,3.0474215,-2.5378597,-0.34563315,-4.3692646,-0.3746353,0.37936062,-4.4140463,0.587585,-2.859966,-3.9595134,-1.8618613,0.56840754,-0.05034472,-4.2189403,1.2637017,-2.5651162,jazz
-204.8289,117.45068,-20.939705,42.00593,-10.364103,19.208967,-11.633759,7.984112,-20.264105,8.785672,-11.69737,5.1714864,-11.2389765,6.061274,-5.141876,7.8284674,-1.1918259,-1.0728694,-3.1602397,-1.5336096,1.665163,2.175369,-5.35379,-5.5682235,2.0614245,-1.6485934,-0.71425104,-2.1737258,2.0374525,-0.6754481,-6.1205645,-3.190422,0.6706634,-1.7218803,-1.9445161,0.9873546,-0.34895027,-5.3518147,-1.6544199,-3.68661,jazz
-165.46796,87.24911,24.815533,28.417309,-2.7805505,-1.3317888,-14.06644,-4.7474623,-19.206074,-0.59286386,-11.947256,-8.335517,-8.235879,-0.42448306,-6.424987,-1.5306299,2.0240119,-0.4465539,-0.90405536,1.5472667,-2.2379,1.9446598,1.7428663,-0.09191124,-9.30795,-3.9398446,-5.607796,-7.272679,-5.4096255,-3.5763521,1.0278146,3.4840624,-4.007099,-3.601503,-1.2591646,1.9956017,-1.8002726,-2.5053186,-0.10929091,-0.6091116,jazz
-55.19004,77.47864,8.272335,31.560976,11.512486,11.753403,7.877706,13.5176115,-2.2645762,5.6161685,1.4572817,7.372973,-0.92715436,1.6434429,-6.0775332,1.2362773,3.2791789,2.9196074,2.4114404,1.940294,-7.5635195,-4.017931,-1.9751744,2.7069318,1.2916466,-4.1549954,-7.8424864,1.0249294,-3.9472294,-3.3808544,-1.176538,-1.7608836,-8.126171,-1.1899081,1.2390954,1.7763637,-1.2389921,-1.246799,-5.609167,-4.2800045,jazz
-260.89798,138.52455,-16.351122,49.150703,-5.258575,19.354553,2.2062228,5.555695,-7.877213,-0.19809215,-1.617018,-1.7220757,3.943696,0.23985948,-0.4268879,0.23164408,1.5121375,-2.2414093,-1.4566265,-5.157089,0.30983132,2.9714394,3.0400386,-0.41647232,2.47912,1.1265765,-1.6605376,0.2224337,-0.86508965,-0.92399234,-1.4368188,0.99538267,0.99497026,-1.4400593,-3.0611296,-3.0913086,-1.0272973,0.4093266,-0.2420641,-2.6115532,jazz
-91.2162,82.6024,12.171334,36.692253,-0.83736473,13.41514,5.6200523,9.662233,-3.7782636,1.8234928,1.545975,1.2873138,0.82279134,4.3992186,0.5553937,3.8112535,-0.35386625,0.23312406,1.8074713,1.7372178,-6.5772552,0.6940568,-2.9725692,-1.0044911,-0.29042077,-4.627784,-1.4987622,0.50367516,-5.6872463,-2.0846078,-5.194526,-3.0047226,-1.1721466,-1.8857144,-0.25011274,-2.55774,-2.7800362,-3.3128998,-2.595745,-1.5282592,jazz
-141.08891,110.76341,-27.475183,51.973927,-8.664053,28.615349,-1.6129185,9.6620865,-11.18389,6.517714,-9.409994,-0.121636644,-4.9299374,-0.15413314,-2.6613839,-1.8625249,-0.023488095,-4.2459736,-4.2238703,-5.637206,-2.2054758,-3.6520996,-0.96433836,-6.3342423,-5.4700446,-8.423477,-3.4528453,-3.8213718,-4.902479,-4.098499,-2.4896998,0.34552175,3.1730304,2.034345,-1.4792241,-1.1432654,-3.0644681,-3.3211896,-0.8329377,4.4059596,jazz
-260.35196,180.60806,-15.362777,48.56042,-0.0743275,5.4342794,6.5999103,-9.153326,-10.28985,-2.9884071,-5.823055,-2.9312968,-3.617783,-6.6764126,-1.3511277,1.9006735,-2.6857536,-4.6111813,-2.3806975,-3.1107142,-2.1871743,-0.0575639,0.23434713,3.0150034,5.2405868,1.2757795,2.6829038,6.636628,3.9431212,0.20074359,-0.4662684,-1.7325298,-0.8346921,1.1564398,0.6509215,-1.2152312,-2.9145477,-1.9014575,0.90988773,0.84168106,jazz
-38.042522,64.98809,14.297374,21.284706,7.5019083,6.3721075,1.933678,6.556061,-2.9327826,5.597701,2.5014198,3.0295463,0.6087424,1.9923115,-1.7813993,4.5158715,0.06030119,-2.0403485,-3.8632624,-2.045601,-6.22431,-2.077137,-11.12881,-7.1912503,-1.7077211,-3.818816,-8.4571295,-4.2643924,-3.939494,-0.98315394,-7.459612,-1.1138602,-7.4531302,-5.6863093,-5.558558,-5.6680813,-1.4417269,-5.3255787,-1.6538706,0.4210314,jazz
-248.10942,125.98793,-12.599597,30.244165,-1.0903058,-2.2130058,1.9470434,0.25160497,2.6987667,-4.426094,-6.4816465,-6.51706,-3.9940166,2.3482583,0.36170587,-4.0673127,-1.5211642,-3.5300016,-6.1920567,-7.346032,-3.8840468,-3.3404903,1.4263047,4.233561,6.197784,6.7799993,2.906765,0.8492588,2.2137012,-0.4229898,-3.223963,-1.8747861,2.209501,1.6763031,-0.6149394,-1.5920959,-1.0960071,-1.384428,-1.9762708,-3.3178725,jazz
-190.51927,143.9857,-28.421675,33.79344,-1.297234,-2.3015273,-5.643836,-3.6400135,-10.529328,-2.8581395,-7.707229,-8.583432,-5.3038983,-4.025823,-4.786987,-5.7614465,-3.884484,-3.6434102,-7.224798,-7.6945863,-3.3419654,-2.349619,0.5203692,2.1159809,-0.5206917,-1.6766014,-1.3045993,-4.477445,-4.1575947,1.9416602,3.129386,-2.213455,-6.392681,-2.1917355,0.24035572,-2.4574509,-0.51835984,2.3648176,-3.373324,-6.5079713,jazz
-179.3741,114.49272,28.196646,35.9793,11.041098,12.684317,3.8171387,8.518316,-0.014727046,5.4623327,1.0599641,2.632229,-3.7399516,-0.2982772,-0.73307264,2.5585303,0.18569833,1.5453789,-1.2458051,1.3970997,1.5560935,1.3921852,-1.000371,2.1928556,0.19218194,-0.6379557,-6.110291,-2.7215993,-0.58519316,-1.0279101,-7.702708,-4.5843115,0.17262802,0.4229261,0.3474754,-1.3881109,-3.5139127,-1.139278,-4.9044337,-4.323491,jazz
-190.39607,129.50662,-7.8375196,20.721296,2.1918204,7.7923746,6.190218,1.3512999,-1.59206,2.0195136,-1.9929141,1.1642934,-1.3514088,6.4100657,-0.2019435,-1.5658294,2.241673,2.043111,0.17354222,1.1741321,6.5092125,5.6102858,1.4388825,-2.1755226,-1.9970299,0.028584199,-0.18608078,-5.005188,-7.0389915,-5.898535,-4.6978683,-4.450483,-4.4032073,-5.687114,-2.0655358,0.06462896,-0.26414022,-2.233682,-3.9852812,-1.9992546,jazz
-23.235779,82.91702,2.0489416,29.505756,6.599293,6.4949236,-0.6967,6.1728396,-3.422003,5.594521,-0.3769912,3.266179,-0.20612174,0.31981882,-1.6405317,1.4783797,-5.3323555,-0.037779108,-1.0947468,-0.042596113,-3.0197644,-3.1680553,-5.3693953,0.80771357,-3.533753,-2.4984426,-2.4884994,-1.269283,-4.9451385,-4.1885,-0.6713772,-2.9007943,-4.692132,-0.8814794,-5.692034,-1.6048987,-2.502601,1.3341709,0.4187434,-0.013325565,jazz
-168.12323,108.27153,-14.1499405,30.457626,3.8945062,4.6765637,3.1879177,1.9276346,-1.1426724,0.23471797,-5.2468896,-2.5546737,-7.2195997,2.7779322,-7.115771,-4.675877,-4.0346055,-1.612677,-2.0187654,-5.0494366,-4.043127,-7.043112,-8.093052,-7.795785,-5.3806047,-3.245152,0.5229884,-2.0482094,0.45839944,-1.489789,-3.2769196,-3.8533466,-0.91004044,-1.3095299,-2.4495523,-0.9373821,1.1691027,-0.9277852,-2.8429635,2.3457513,jazz
-51.34779,85.20031,3.6435587,22.86177,-1.5293607,6.1102853,2.4109144,3.644935,-1.863228,4.3669353,1.0871079,0.77976483,-0.7364632,0.4121071,-3.3764596,1.4221644,0.40555277,3.6520278,-1.3677119,1.2190788,1.22433,3.414492,0.89285374,-1.7163415,-1.0216445,-0.803461,-3.3726912,-0.9402807,-4.811077,-2.4324956,-2.440927,-1.7938962,-3.8798003,-3.9850514,-4.2086678,-4.1797733,-3.173894,-1.5059139,-2.375979,-2.1174667,jazz
-69.50922,125.97758,-5.1732893,30.769236,8.304397,5.0812526,-3.9214036,5.376409,-10.774685,9.034488,-8.263985,4.7895856,-5.1241627,2.2106647,-4.779985,0.62303174,0.03162736,1.2315758,4.03092,5.0856667,-4.1910157,1.690679,-6.3848305,-1.4267452,0.5135233,-0.5319233,-1.7424245,4.700679,-5.4420004,-4.3500075,-1.3570964,-0.28016916,-5.7029085,5.7932196,-1.1509589,-0.7706326,0.6690803,-2.767289,-1.7508473,-2.675414,jazz
-235.67885,144.76765,-22.600695,62.560963,-9.326273,2.0168686,-0.34364972,2.0165107,5.5604534,0.30436012,9.439982,2.892706,2.5626411,8.452764,-2.310429,2.5675392,-0.070640124,-1.6368356,3.2509475,-1.3214444,2.272621,2.5376277,-2.1294541,1.371057,-1.990125,-4.805635,-0.57011175,0.07880039,-3.2769277,-4.749593,-1.6479964,-0.09609836,-1.6745806,-1.8732936,-1.8626584,-2.5850034,-1.9881779,-1.3208263,-0.5808756,-0.64702576,jazz
-117.8876,122.55041,-13.149182,26.755905,4.313922,6.866731,-6.8144403,-0.33922073,-8.199784,-5.0079026,-4.495015,0.12167732,-4.6518903,2.8487957,-4.971283,5.5497994,-1.2209271,3.5765634,-0.34301436,0.49348417,-0.0061717313,1.3464746,0.5371234,-0.12325469,-1.9397198,1.2571136,-2.8594797,-1.105875,-1.5000474,0.61099714,-4.649378,-4.7080417,-3.9706612,-2.3897343,-1.8994367,0.49357146,-0.8304661,0.07986904,-1.0208851,-4.884105,jazz
-177.27713,144.32156,-17.265924,55.686043,-21.2419,0.35280427,-1.576951,-10.402746,-5.176472,-0.5141813,-8.736716,3.868864,-7.9537654,-3.0112581,-2.744769,-2.610157,-2.2276328,-1.9513525,-0.024020262,0.76226693,-2.5315552,-2.17402,-2.0001345,-2.7940898,2.4935496,1.5562706,2.2032287,2.1708806,1.1492767,-2.6103644,-2.8467577,-0.39463064,1.3472328,0.7284985,-0.07617653,-2.2908545,-2.8887455,-1.1261148,-0.58580345,-1.824624,jazz
-204.39252,138.57968,-10.791186,46.552383,-22.306913,9.692935,-11.09484,-17.79885,-7.586271,-1.6000776,-7.6503277,-1.0194094,-9.977279,-6.6626024,-3.8579152,-5.062098,-2.0349169,-0.2698918,-3.1960154,-2.4486814,-0.27266482,-2.9635384,0.8084852,0.61316,-1.0356926,-3.899501,1.0867268,-0.39488745,1.9963084,3.3993967,-1.351092,-1.8245763,-0.19682246,1.0669823,-0.20727003,0.8553646,-0.35257646,-1.2960087,0.049805846,-0.00097223994,jazz
-159.2706,92.04842,-16.75185,27.393675,6.1041913,3.2399652,7.1759634,4.0307016,3.5977046,3.5440965,-0.58674157,-3.7236729,-4.721016,-2.5898602,-3.304094,-3.5473337,-0.8847745,-2.3104537,-0.94630784,-5.4530067,-4.3977427,-4.5580907,-0.47695827,0.14985774,-1.3672187,-3.5723948,-2.8793461,-2.7978773,-4.1927567,-4.990636,-5.212346,-1.595886,1.3001724,-0.8308283,-3.7894127,-3.9181077,-1.570524,-0.85742265,-2.4406374,-4.6768694,jazz
-237.90088,155.81622,-9.225844,13.1981125,6.609401,8.891292,3.9802098,0.24934214,1.7425677,3.3538349,1.1899073,3.6303484,1.1625512,4.7921743,3.4717696,2.0584624,6.528012,5.6560874,1.8122177,-0.2460929,1.1672344,5.331282,4.8174744,2.5166545,0.44538772,-0.040448453,0.48486233,-0.7073899,-3.7489154,-1.7294011,-1.0359737,-2.07597,-2.4289336,-3.4489074,-0.43072236,-1.598368,-1.921282,-3.3971717,-4.1100616,-3.2295742,jazz
-228.39198,170.40265,-16.07386,43.96471,1.1009046,3.996799,1.0781353,-7.204605,-12.514963,-4.418733,-6.0696063,-1.3367635,-3.1518414,-6.473728,-3.3002412,2.1554031,-2.3049686,-7.364892,-5.195212,-2.8603556,-2.5430343,-1.661892,-1.5528358,-0.21068358,0.5853318,-1.7514648,0.7480141,6.434135,3.600546,-1.6098872,-2.1843612,0.03500215,2.914321,3.7067418,1.2749394,0.089704104,0.9746774,0.36166665,-1.9025595,-3.1879833,jazz
-202.82193,145.73984,-23.568308,47.849777,-14.34483,1.6427219,-7.0651684,-11.1300125,-4.5997396,-3.6073794,-3.788098,2.0468261,0.8436289,-2.019152,-1.0314072,-1.4507908,0.78107613,-0.3952422,-2.3347764,-2.012575,0.67536646,-0.3290441,-2.0799303,-2.467656,-2.666519,-2.4865372,-4.7477107,-5.3756304,-1.0029143,-2.260544,-5.0170293,-3.5048604,-1.7996451,0.055437095,-1.5433666,-2.994965,-3.2532024,-2.6882098,-1.2606759,-3.1733534,jazz
-84.05435,63.061363,5.6391883,24.924852,6.2116694,-2.904058,-0.36405933,-1.0757004,-4.2446465,-2.3303053,1.5680952,1.935513,1.5438601,-4.464496,-5.3008647,-2.9940894,-2.8913958,-3.3203404,0.32845324,-3.9741752,-6.9847093,-4.670372,-4.9241185,-4.97309,1.0743693,3.6045163,5.7406015,0.75679606,-6.30681,-1.4536504,-11.524628,-2.5022116,3.570363,-1.7771196,-2.1204486,-6.3177752,-1.2228609,-1.0282623,-1.2760681,0.7392483,jazz
-149.19681,79.0861,2.0091481,27.607029,0.3150664,1.7276527,-3.613092,-0.16500689,-5.0356708,1.2518123,1.1462151,-0.6187954,1.8201314,-2.0573413,-5.9990635,-4.919182,-3.9601038,-3.5674086,-0.8571692,-2.1819913,-1.422316,-1.8678107,5.569245,-0.68686724,-3.7648602,-0.31300548,-5.88146,-2.076037,-0.99317324,-0.4415288,-6.818866,-6.7706256,0.4633859,-1.7488643,-0.17923994,0.6160192,-3.4498272,-3.3181238,-7.8381705,1.3210329,jazz
-78.2242,63.21851,-1.6562833,21.022593,4.470186,-3.5898204,-1.5619467,-3.0696392,-6.07829,-1.9560667,1.7820154,-1.2156534,0.94245726,-2.562907,-7.7692623,-5.9337397,-3.0165124,-2.4619603,-1.0239958,-5.111242,-1.1982487,1.1628164,-3.3411057,-7.1227565,-0.44776028,1.7118899,2.5707471,-2.3264518,-10.211832,-4.0064597,-8.681617,-2.7918074,0.35876676,-3.0593555,-2.6386724,-4.793102,-2.1995068,-1.4850644,-1.5827643,-0.43797874,jazz
-154.29288,110.68495,-22.299717,21.146955,4.267235,4.749064,-4.0923243,-1.0206661,-6.4128003,-9.245782,-3.6310499,-5.5030346,0.53689194,-0.51163757,-4.807277,-11.2095585,-3.9384494,-1.4645185,-4.413699,-10.600424,-6.267209,-8.280444,-4.4733357,-1.3340273,-6.2210827,-4.8480344,-2.8617175,-1.4715722,-6.049189,-3.8285494,-5.430969,-0.93288505,1.1421429,-0.5548073,-2.1302538,-2.2744367,-3.059081,-4.7332172,-3.8030238,-0.047405515,jazz
-77.089676,64.52771,-2.848515,28.53128,4.6849046,-2.8145123,-5.947363,1.898145,-5.2051053,-2.3232338,-2.9395368,-6.1481023,-0.76354444,-4.4825,-4.159946,2.124515,0.8419235,-2.6640372,-3.3218763,-8.301835,-5.6066413,-1.0755167,-3.7108877,-7.5190854,-6.5074143,-5.7788863,-0.66814107,-3.5906422,-7.378678,-0.49230132,-0.4777065,0.29073292,-4.893862,-7.628016,-3.8140993,-4.6845613,-4.6218166,-0.13100022,0.86866075,-1.1722759,jazz
-141.49684,70.90452,-0.5232315,33.573048,1.4106365,-9.186746,0.75543296,0.5403756,-9.192057,-2.5710373,4.0803123,-2.218427,-0.6917472,-0.82226485,-6.4834576,-5.997157,-4.2439694,-3.2427416,-4.072898,-6.5609474,-2.8538244,0.9043143,2.3457398,-1.7349443,0.04940711,-1.6424713,-4.204763,-0.57988626,-7.600941,-3.3192053,-2.9244535,-2.847572,1.9688846,-3.6903217,-1.8943284,-5.078226,-3.5571218,-1.3506315,-0.3919035,-0.5098856,jazz
-163.53947,65.97194,5.3612895,41.897198,7.0257664,5.5014386,8.930416,2.6784523,-0.18257855,5.155423,10.491717,3.3298645,3.8408947,2.5506477,5.6973057,-1.0907345,-1.7849189,-5.19906,-5.654559,-9.76699,-7.108762,-3.82723,-2.47212,-0.1145482,-5.175856,-7.032999,-2.1484504,-3.2701392,-5.7165513,-1.5578821,-1.20167,1.3686166,-3.5906887,-2.9471915,-2.8025358,-7.2680163,-2.2935057,0.7648387,3.3910263,-2.5533855,jazz
-117.24632,56.99422,-2.1099277,35.616062,4.713422,3.890102,11.592064,6.0787044,0.5825713,2.2747371,2.6996386,-1.8503127,1.6808271,0.3939451,2.0524461,-1.1958259,-1.0664488,-6.2823744,-5.3911533,-4.8702927,-5.6572437,-4.749388,-3.378445,-0.3316035,-2.9527104,-5.2442904,-5.282954,-3.5880198,-5.8108983,-5.601103,-1.4000711,-0.21928515,-2.7611296,-5.3762994,-4.1000648,-4.5304713,-1.2418758,2.96324,2.0332272,-1.531877,jazz
-228.37154,67.53677,37.07984,21.325258,17.058424,10.142423,10.776463,8.010919,2.0421867,0.2971386,2.4991305,3.8471441,1.5821793,2.832255,0.04377572,-0.19756223,2.3157344,3.2987049,4.046379,-0.18987432,-0.25344762,-3.2063801,0.926426,3.3492484,0.7012584,-2.4799602,3.2082844,-1.3938937,0.5466357,-1.0642997,-3.4637039,-4.033782,-3.6752076,0.64861315,-2.457159,-2.1453526,-0.033691548,-0.67341924,-2.8919225,-1.4457054,jazz
-158.2061,49.602417,21.594702,16.516554,11.422575,6.259136,5.633524,-0.19963433,-0.24266572,-1.9968201,2.022939,2.6891398,-1.4565204,-1.8059658,-1.8253204,-3.3063495,-1.5225008,-1.1878136,-2.9898033,-1.8677343,0.10084154,-1.96927,-2.2397442,0.68714815,0.17231363,-2.4470737,-3.2954423,-3.9447556,-3.7012455,-3.4799979,-2.3051844,-4.041146,-2.5673692,-1.0368764,-1.4660776,-1.3215519,-2.7060168,0.16227438,-1.2411373,-0.35339913,jazz
-126.01213,56.60823,23.495506,23.700129,-0.3036549,7.1513724,0.16874294,-0.8434281,-4.1562734,-1.8949323,2.5230918,0.5281126,0.92665267,0.042565644,2.9119651,0.12040472,1.313123,0.3777821,-6.1331954,-4.948555,3.2184062,2.3388855,-2.0414748,-1.5502586,-3.4470105,-4.8946815,-0.24197888,0.040822033,-2.1782906,-3.489708,-5.755791,-6.3588777,-4.718372,-3.8247094,-5.4813447,-5.292662,-2.0830123,0.50377226,-2.7555206,-3.275144,jazz
-178.09238,61.942627,1.4681733,36.045937,7.5810137,5.1538916,-0.9176271,2.9412882,1.4490774,2.134227,5.170273,2.0257974,0.51068836,6.528254,2.6033716,4.8549476,7.9310346,4.527473,-1.6060568,3.731223,2.8487823,-3.7187307,-2.2405,3.3549922,1.0506111,-0.52640945,-3.09444,-1.102369,0.80091757,-2.6204317,-3.2587922,-0.7790243,-2.240726,-2.755422,-0.7159753,-0.99560875,-1.1957842,0.011772227,-2.333385,-7.3751307,jazz
-131.93135,61.59087,-12.654589,35.085182,-2.1272988,-0.94919276,-4.8379145,-4.1055217,-3.2856128,2.4962208,6.411373,3.4233508,-2.8839262,3.229511,-1.3421866,0.8659592,3.6739004,0.63687843,-0.3614959,6.3308907,6.7889347,-0.9720633,-6.3476005,2.1046293,-1.9774755,-4.15033,-5.172399,-1.978462,0.70248026,-1.4541963,-3.1131854,-3.6429787,-5.871246,-3.399124,-2.1364493,-1.4909816,-3.2948594,-0.07986722,4.831719,-1.4021819,jazz
-156.61226,22.763254,10.495277,24.156204,10.143046,2.969647,2.4915147,0.48371994,2.6910138,1.2310425,3.3316617,-7.8197894,1.1087779,1.8791414,2.3311465,0.7210455,2.9955823,1.0147957,7.6109095,-2.0537126,1.8238865,-4.875283,-9.706803,5.2837176,-1.5244483,-2.8177233,-4.3622875,0.7084532,6.2666807,-2.1181188,-10.137365,1.112618,-0.7415898,-1.6392584,1.8327892,3.628075,-3.8019104,-1.9222906,2.210176,-4.2910976,jazz
-341.018,89.85991,44.51198,28.827593,16.317823,10.590868,7.0007353,0.82006645,6.097488,7.125774,5.4116616,2.735858,9.361677,5.570951,3.7773476,3.1608663,0.28721133,-1.3718239,-1.5763363,-1.984961,-2.5736256,-1.2691295,-1.2823316,-3.5399816,-5.649467,-4.8518767,-1.9273825,-5.410594,-5.621986,-0.65185356,-4.7016525,-4.7380767,-0.2897724,-0.96110123,-2.9674032,-3.3298488,-5.894233,-6.229021,-3.3381133,-1.6477185,jazz
-192.50781,80.95126,25.701668,18.534098,14.171379,1.265469,4.0929475,-1.416841,2.66076,5.235185,3.7162201,0.2937416,7.3394523,0.8875506,-1.2227068,-1.3455076,1.1447128,2.6570992,3.2115808,-3.002536,-1.1453545,4.0019326,1.4102299,-1.8591324,-2.3655758,-2.7128563,2.8386514,-8.987026,-7.4445662,6.3062973,-4.8085146,-5.810865,-1.3855493,-3.6969807,-0.08894386,-4.2596707,-3.020888,-5.188051,-1.9122838,-5.1661325,jazz
-322.49924,90.65097,27.027184,37.856743,19.709015,4.6093187,3.070613,7.970809,1.9372369,2.0878365,0.44746545,4.8929596,13.060921,0.41256222,-0.72146446,4.7037005,1.2312222,-3.745362,1.688814,0.3924471,4.1698728,2.1880417,2.5239327,4.520967,0.059637867,2.4851797,-1.1270684,-2.2347243,-0.17678842,-4.845075,-6.186052,-4.022953,-4.7962394,-2.8179672,-4.0415087,-5.5374346,-7.2226562,-6.289752,-2.4715407,-4.6332793,jazz
-217.62901,105.62874,19.315361,28.35325,8.654835,0.1436521,6.3657665,-2.539705,-12.996928,-11.149584,-6.152888,-7.734215,0.42279667,-1.2611351,1.7099493,-2.302344,-3.811484,-3.6843867,0.5768568,0.57314503,2.0635612,0.69480973,-0.6495627,-0.6469487,-0.9602219,3.3795516,3.635371,0.44790745,-3.2257447,-3.1740973,-0.74154454,-1.7652321,-6.0740247,-6.087627,-2.5828187,-3.6122427,-3.8329935,-4.2339206,-1.3554139,-0.5772245,jazz
-299.40533,60.777206,32.098515,25.695833,7.463468,-1.2953769,1.8622718,5.2616196,-5.5296664,-3.1035626,3.6464572,-2.2974072,0.8934429,3.3417819,7.2738442,5.9343653,-8.263965,-0.4625421,1.9967841,-7.015196,-0.028881911,2.859215,0.82721835,1.7568102,1.697254,4.408106,-1.6127858,-2.3615367,-0.544432,-2.309443,0.8201498,2.6732066,-6.5117235,-4.336635,-2.6077983,-2.3019233,1.4494433,-3.4285302,-0.7351895,-2.6338768,jazz
-294.19385,84.66457,39.07789,28.63521,14.13119,1.0344225,7.3534536,5.217077,-3.739166,-5.041574,2.2247612,-0.56659275,4.2180734,0.1285844,0.83073324,-2.1461122,-4.4974513,-1.090114,7.2270007,-0.24393669,-1.6339186,4.5114083,6.1915674,2.7751641,0.56748676,1.5757287,-1.6696248,-1.3543825,-0.5837241,-2.740182,-5.783083,-4.0662627,-1.9293652,-1.2129934,-1.4234875,-3.4421444,1.8551416,-4.5554028,-6.326085,3.620851,jazz
-215.39735,100.96081,17.098629,12.978259,16.062912,4.764205,4.5650473,-3.1336942,-4.1540823,-2.2966676,-4.9289656,-3.3494503,-1.4255524,-5.027763,-0.6690235,1.3476642,1.9956138,-0.2532603,0.96090025,-2.1293337,-2.1357675,-1.4050399,-3.0780005,0.6687196,0.40502217,-5.908204,-0.44221926,0.0013696299,-0.13363963,-5.4233117,-5.9831924,-0.68658936,1.8860079,3.9710643,-2.0450015,-0.2792221,-2.5022888,-4.9665318,-1.65325,0.73235756,jazz
-366.44046,131.6985,16.512924,36.320045,5.060641,14.675128,-6.163728,4.7142596,-9.5868,-1.2903655,-2.6941347,1.5798402,-2.2748077,-0.18491913,-3.260644,-4.681197,-3.571376,-3.969041,-1.8218514,-0.9156636,7.308525,6.5396323,1.568082,-1.0414729,0.035759374,-4.3302803,-2.9837623,-0.34053904,-0.8496948,-7.0507154,-7.998901,-2.481262,-1.5711024,-6.568553,-9.795689,-7.17707,-6.267579,-5.30508,-3.7467592,-0.7542923,jazz
-219.7643,100.79803,-1.456325,41.285435,-0.94854546,23.37939,-11.514086,20.027903,-15.970275,13.943597,-7.989847,5.7383604,-6.868227,6.212485,-5.8096046,0.9544681,-5.1647315,3.0511165,2.08082,0.9545138,0.5042138,-0.27541032,-0.13741522,4.8301992,0.42379147,-2.5377204,-2.013475,-4.288007,-0.03904828,-10.784061,-3.8090744,-9.159874,-0.8448223,-1.3216136,-4.6627746,-6.6428156,-2.83437,-1.3935481,-3.8582945,-5.8850675,jazz
-277.2356,95.75203,-2.9794915,43.919865,1.941413,22.249989,-6.1406446,22.460949,-12.840872,10.780395,-7.5332274,3.5953221,-5.0750585,6.7639275,3.6364913,6.7209125,1.7745743,-2.1269133,-5.385534,-5.336741,3.2544281,5.1203303,-0.019441115,-6.8989725,-8.014127,-6.5379477,2.2055612,-5.493305,-0.08323759,9.2925625,7.4938083,-3.9978926,-8.846678,-2.2184348,-1.3449358,-5.540204,-2.93056,-2.2914412,-6.390693,-9.924012,jazz
-413.57913,118.27575,31.10331,40.165215,13.103847,13.944953,-3.7192216,4.748372,-9.8912525,-3.0627759,-6.2822113,-3.6105387,-5.26369,1.1222538,2.8341737,6.594534,7.95137,5.062708,1.6020724,-4.3780694,0.77279675,2.995537,3.5118513,1.0778688,-0.68016267,-3.8749857,-1.6510391,-1.7035279,-0.72680885,-1.7171465,0.44091797,1.9618224,1.6079079,1.8365891,-0.81342894,-2.4400415,-2.965482,-2.43876,-1.5988925,-2.7539012,jazz
-223.0306,102.89912,-1.6697352,45.199474,-6.7459745,25.354921,-14.36687,24.246717,-10.414377,11.146243,-9.151457,6.625129,-7.828697,9.370097,-3.43028,2.673875,-6.2106004,0.8636526,-3.3903112,-0.3815039,-0.49831888,2.0944252,-1.0984704,2.1618202,2.5558953,-1.4008623,1.8522409,-4.8348527,-1.733123,-5.9502726,-0.8511151,-1.1725512,-5.489649,-5.0241814,-4.646318,-4.8452744,-2.2362077,-3.9483373,0.90237916,-2.2761307,jazz
-315.01422,112.72768,9.740748,38.98918,3.942611,20.019873,-7.2231927,15.273513,-13.67778,10.151814,-4.8844333,4.7019944,-2.6995628,3.828492,0.84135586,3.3496344,-2.109428,-1.2456768,1.7837285,-2.226573,-2.3212829,1.3626059,-2.4795501,1.4074181,0.77174443,-9.644015,-0.77710074,-4.0105257,-0.36720702,-5.64071,-7.492968,-5.63634,-1.1593093,-0.48640096,-3.2135127,-3.862802,-2.7056212,-3.018894,-0.7426819,-5.496662,jazz
-52.931374,50.087284,-11.485749,46.351738,6.5509257,10.124288,5.479244,8.854687,5.9422083,6.6225224,-4.0471754,9.770576,-3.118492,3.657853,-6.5097322,1.0867522,-4.4839272,4.728173,-2.7538903,0.50667185,-9.301241,2.0283496,-3.492076,2.508437,-4.668325,-1.9005418,-5.696055,-3.1797445,-4.824635,0.85914654,-5.7512546,-0.41396576,-5.273176,0.47018966,-0.6052053,-0.6602544,-2.4311633,1.9484415,-4.0475144,-2.8415813,metal
-80.14728,64.84362,-15.4656,46.839314,7.9110203,21.762014,-2.1760788,21.986689,-7.7126274,11.144746,-4.2870846,11.442519,-10.365105,11.727381,-7.095706,5.931137,-9.025644,5.5059457,-6.2011685,3.1252632,-11.22225,6.75821,-7.806596,6.9133472,-4.3999825,6.6761065,-7.9193325,1.6482627,-4.782756,3.7704117,-8.42053,4.712204,-6.8510094,1.6811907,-3.908776,3.3568285,-4.220911,3.2613,-2.5852802,3.0510378,metal
-62.21819,115.20072,-42.81503,54.31106,-24.88396,20.133108,-21.639132,20.847036,-8.398701,20.328602,-10.731801,9.669686,-14.547392,6.932939,-7.4813604,5.973085,-3.4757648,6.574291,-6.5773697,2.9633865,-0.5812077,-0.49440092,-4.441387,2.418681,-1.5699334,-1.1953161,-1.6027534,-2.9370332,-0.61439705,-2.0444841,0.82790166,0.51259243,-0.13586842,-3.1537538,1.8850149,-0.28387845,1.4345213,0.8286349,1.179578,-1.5349631,metal
-43.064682,75.397606,-47.840977,53.023735,-12.337867,36.87316,-8.28772,28.40454,-14.531338,22.106436,-7.3557463,15.97535,-13.140837,12.263161,-10.449837,5.9393992,-6.6831427,5.279664,-2.3317928,3.5936804,-5.6394253,0.99297607,-6.283594,-1.6262271,-5.719865,-2.2790487,-1.3481356,-0.28700113,-1.0816947,-2.0735195,0.5555648,0.4579106,-0.74815303,-1.3810886,0.5126469,-4.5440645,-3.1140096,-1.1165454,0.1647277,0.65541226,metal
-107.129585,47.660187,-8.620708,38.398926,8.458258,9.54455,1.0175126,20.74903,0.7148489,11.783107,1.1646875,11.063398,-2.5293984,7.581268,-4.199112,7.0764894,-6.6205173,4.546639,-4.262467,4.289621,-6.3444033,1.185834,-5.46083,3.971322,-9.322968,2.43826,-4.698028,2.696789,-3.9087465,1.4766146,-3.303957,4.810153,-4.645322,2.4851089,-2.913656,0.4497776,-2.7596073,3.5117867,-1.3813579,0.696431,metal
-79.627686,93.472885,-27.749144,64.06913,-18.807098,23.320396,-10.540276,13.356394,-17.537811,16.38852,-10.054388,8.941801,-16.081074,4.287135,-14.799312,0.2646285,-8.214849,3.4206583,-3.714394,-2.4369857,-5.9271703,-6.381381,-6.270944,-2.1026313,-2.601103,-2.0378494,-2.635535,-2.650481,0.057810597,-1.8902678,1.323572,-1.6424881,-2.1064882,-1.720066,0.7603923,-0.13958703,-0.5003639,-0.83659774,-0.5520706,-3.4117928,metal
-140.7783,55.923157,-12.291191,44.319008,-10.604771,10.867444,-0.95333475,22.243965,-9.378979,15.246445,-3.0641425,9.072361,-8.798301,8.746224,-12.113971,5.550327,-12.49319,6.3504667,-3.8611655,4.7257943,-8.325619,6.021082,-8.970354,3.172559,-11.850982,1.7217559,-5.2102757,4.224372,-6.7738285,4.0976577,-3.2468216,5.558751,-6.413949,1.1612219,-5.1415625,1.3902462,-5.1503506,1.5170261,-5.0494776,1.6037407,metal
-108.09749,65.77733,-20.841005,47.559593,0.85362834,8.991208,-3.2142603,20.978045,-10.349271,7.8764496,-8.126471,12.045557,-9.155127,7.0092583,-8.752738,5.7859516,-12.3694315,3.441416,-7.3785267,4.871621,-13.348481,1.5405726,-12.393969,2.1375163,-8.34571,2.726428,-9.568491,4.602409,-8.981794,-2.1745677,-6.1039715,3.732889,-4.8538437,1.9256883,-4.2317758,-2.4966905,-6.4537992,2.9917872,-3.4455974,-1.0832611,metal
-149.98433,67.907,-6.6888485,32.084488,6.0797987,12.23563,9.134745,10.182917,3.7711072,10.5964,0.77275217,7.715685,-1.158373,-3.3025763,-7.533149,0.41751128,-4.005859,1.260882,1.4787948,5.482005,-5.2191534,0.70232517,-6.5165796,-3.637245,-9.363178,-4.446163,-7.6893497,0.91529995,-4.756458,-2.6235688,-5.5313826,-1.8837843,-4.638042,-1.5104154,-4.803456,-3.8648489,-6.2938623,-3.0620358,-3.1991665,-1.4731443,metal
3.6422334,104.75209,-0.82264584,55.941105,-29.222486,31.255445,-14.195289,20.202593,-8.280902,15.181639,-14.587309,15.663609,-12.990431,15.283537,-6.9285984,9.860408,-6.5021157,4.9016967,-0.77597195,6.4575934,-5.718745,2.6494825,-2.0195887,1.2571673,0.98665106,1.455301,-2.9714224,0.3406998,-1.1133032,1.0070081,-3.2284575,-2.0661898,-3.364628,-4.564329,-0.8971984,-2.2185576,-2.1655703,-1.661912,-0.08898,-0.10304371,metal
-58.72036,70.55818,-19.421354,73.593155,-27.765425,23.759441,-17.90417,21.222898,-16.94942,16.136871,-15.223488,14.874156,-18.705826,11.308096,-14.637608,4.3117094,-12.7187805,1.1689208,-8.019436,0.91980964,-10.37271,1.137434,-7.2384114,-0.5475429,-5.4240975,-0.99838626,-4.785039,-2.3004081,-2.63059,-1.7437423,-5.048206,-0.773903,-2.6628914,-1.9476526,-2.0606513,-1.7557422,-0.38915235,-2.3787985,-1.2396679,-1.576522,metal
8.79297,82.823204,-30.564281,66.71608,-16.359283,16.568218,-10.763801,29.540407,-25.089777,16.821932,-11.392602,12.7859,-13.347067,9.802606,-14.256787,9.601154,-8.031881,5.1873074,-2.9507,4.4044585,-8.378099,-1.632732,-4.6696043,-0.3254824,-5.6180263,0.09588901,-3.1101177,-0.37635803,-0.8638782,-5.418431,-4.3189654,-0.00796086,-2.8878376,-2.2170172,-0.6994999,-2.497678,-2.3869035,-0.82066965,2.322488,-1.1098375,metal
-64.107925,74.525986,-45.968002,65.85509,-14.676303,23.849155,-13.777111,37.7623,-10.587833,21.39044,-9.345858,17.91302,-10.791604,11.354605,-11.166747,8.709755,-8.963811,3.229737,-5.7455215,2.4206762,-4.952733,-2.1229792,-3.3911269,0.7335026,-9.100296,-1.6645308,-2.1330535,-0.9188275,-0.8243171,-3.5024438,-1.775338,0.7495529,-2.0192478,-1.7053733,-1.3543148,-3.841157,-1.1968787,-1.3076636,-0.34912777,-1.5509163,metal
-84.90263,64.63974,-36.32613,65.39542,-13.867816,22.872534,-15.565662,36.293034,-13.677166,21.259466,-9.251361,19.171608,-10.607493,12.314615,-9.792946,10.552154,-9.910699,5.051337,-5.342369,3.801619,-5.924948,-1.1839124,-4.154652,1.7647898,-7.9414062,-0.6619728,-2.7700312,0.014430291,-1.4187602,-1.9651806,-1.297522,1.8803136,-2.0221956,-0.98382777,-0.34202278,-2.335718,-0.5336107,0.7859606,0.49047777,-1.1503022,metal
-117.9197,65.44176,-51.43996,74.10702,-13.760528,25.753458,-13.138064,32.225914,-10.345249,21.713371,-7.8024545,12.349829,-14.452735,5.787718,-13.264057,4.5679383,-11.399253,-0.666863,-4.573327,-0.21592197,-7.0329127,-6.700504,-4.6051397,-2.090153,-11.371319,-6.37118,-4.868682,-2.8313868,0.77684146,-3.4558556,-4.0340185,-4.156559,-3.8819666,-0.94495165,0.12269441,-3.8375387,-1.5726122,-2.628382,-0.14810196,-1.6881049,metal
-76.78499,68.003494,-11.247029,76.363235,-17.476347,25.336975,-17.900312,20.368681,-21.420488,14.217725,-15.768945,12.524236,-18.507431,10.831447,-13.703334,4.864304,-11.98036,1.6491083,-7.645301,2.2255216,-9.468249,0.52855814,-8.711713,-2.13241,-5.979987,-1.56262,-4.5691276,-3.1325004,-3.536668,-1.4204099,-5.1300054,-1.110225,-3.2981524,-2.0169172,-2.6384506,-2.0321188,-0.24262585,-2.0511768,-1.349013,-0.8935084,metal
26.693075,79.7964,-52.055744,51.320683,-16.361847,22.011913,-17.46108,30.925192,-15.979048,16.127386,-12.196157,11.3038845,-12.44661,5.206543,-7.687124,10.177715,-9.720838,-1.6887617,-7.5994143,-3.929782,-8.955718,2.0962138,-1.5465566,-3.848071,-3.02562,-2.7676008,-2.1618538,-1.139272,-1.571779,-0.4963222,-0.5540099,1.1953328,-2.1243575,-4.978633,-0.5059017,-3.8454564,-2.4590163,-1.4332186,-1.269925,-5.915429,metal
-75.51751,81.91142,-22.08108,69.877,-11.740438,25.740246,-18.518965,27.02771,-14.085998,22.13411,-12.107688,14.951658,-13.525078,5.8154855,-10.154532,6.781166,-10.48783,4.372529,-5.4660206,2.9706361,-7.660164,1.1916012,-5.9390883,-0.8708577,-3.4956107,-1.8124524,-3.491508,1.4612561,-0.0087464275,0.8754244,-0.89703643,-0.31388086,-0.6026722,0.18354991,-0.020830166,-0.26626286,-0.898972,-2.0318544,-0.016605815,-1.8516562,metal
-76.37207,123.29144,-89.89615,76.44556,-21.269108,22.2958,-13.650001,14.64789,-6.3204427,9.922285,-3.922688,5.3985925,-2.4885113,5.03836,-2.9841642,5.112243,-4.379888,-1.2858986,3.0850468,0.17664613,-2.2640226,0.5541482,1.9667591,-1.904334,-1.2624861,-3.264961,-0.18804748,-0.09136089,0.8920788,-3.0875373,-0.83431715,-2.483352,-1.7653351,-3.6359088,-0.85012025,-4.749509,-4.501595,-2.3653598,-0.9330104,-2.2460797,metal
-89.329834,82.35691,-23.258312,68.107506,-13.08676,22.4548,-18.526537,26.23265,-14.358575,21.504412,-13.878504,12.481539,-14.122218,3.753356,-10.118068,5.401125,-11.116164,2.6867979,-5.6887302,3.0959978,-7.067903,1.0272012,-5.915712,-2.4077303,-4.3565135,-1.7086918,-2.5500798,0.55279225,0.8187598,0.009491321,-1.5056033,0.22132023,-1.7133224,0.15168913,-0.15576139,-0.8650844,-0.74850786,-1.8717179,0.109845,-1.3196973,metal
-75.01831,81.17256,-20.199926,68.304726,-11.342598,23.670305,-19.83402,24.183435,-13.177372,22.286407,-11.556872,13.55321,-15.058013,3.3023596,-10.513962,5.0753727,-10.686498,3.8659298,-4.944836,3.2599394,-7.3927293,0.857708,-6.332861,-2.1059144,-3.576974,-1.7153933,-3.1744225,0.30552703,0.90001506,0.1050998,-1.5930954,-1.5127774,-0.6821264,-0.57355297,-0.4605045,-0.7490238,-1.83636,-2.3046882,-0.097313166,-2.00567,metal
-76.28286,61.76296,-37.112747,62.440014,-14.831243,34.567806,-11.487005,30.963097,-12.278124,22.313232,-7.5111165,17.84716,-11.126256,10.237993,-10.79403,5.1591578,-7.724808,2.585732,-3.0912776,2.6671667,-3.45042,-0.050976496,-6.0959625,-1.5667834,-5.8920417,-4.47243,-3.2273803,-2.8513095,-0.17337707,-3.3321967,-1.4865037,-1.6485097,-1.3730068,-2.4726653,-0.16883054,-4.898383,-1.9776208,-1.239715,0.47903216,-1.5647689,metal
-45.843933,108.013725,-11.740544,66.32776,-30.207605,9.2367,-25.772974,21.87735,-17.929054,10.275843,-14.119918,18.74677,-14.2388315,-2.237886,-5.778148,-5.8649893,-2.5429695,1.4795749,-5.616363,-2.8201232,-6.996953,0.9683546,-3.0527465,-1.1825897,-4.039514,-7.0150414,0.501911,-4.4766107,2.0658364,-2.982287,0.86033964,2.644108,-0.44156128,0.16932794,-1.7572649,-2.4135973,-1.7503555,-4.1172624,2.0619183,-3.073187,metal
-43.716743,82.74609,-29.634932,70.4197,-21.612555,31.16526,2.0789452,28.88349,-2.683552,19.90194,-6.94059,19.136198,-7.3723607,7.891117,-13.863939,4.059309,-6.876037,-1.7961832,1.4668609,4.5396914,-7.958601,-1.4899923,-1.4263564,-1.0632919,-3.803379,-3.974462,-1.0984408,-1.4071456,3.8239856,-1.512518,-2.676969,-0.5421101,-2.2424567,-4.2903786,1.0490292,-4.120215,-3.7775562,-1.6060755,-1.0423777,-0.778382,metal
-16.706278,94.11414,-32.7863,61.490444,-10.101552,34.22357,-11.971187,28.200222,-15.321425,19.325449,-8.278708,17.934834,-7.455649,12.818329,-6.1901646,6.3816876,-6.894108,4.45563,-4.1618023,4.225447,-3.4203842,1.2285982,-3.0779777,-1.4368087,-2.29981,-1.1693883,-0.6281733,-0.4485297,0.4042211,-0.8196754,-4.180811,-4.0614934,-0.4190053,-0.6188182,2.869255,0.8040334,0.4757114,-0.732931,-1.3577265,0.47582522,metal
-120.12781,91.28767,-38.79496,75.003784,-3.8060124,22.66649,-8.123723,23.654572,-14.638494,13.365053,-9.405639,13.706509,-9.3145075,3.5835807,-11.857464,1.0247251,-10.71396,-3.241502,-3.4665036,-4.5768414,-11.352242,-3.5941167,-3.8327916,-4.5401845,-5.0191097,-7.7862945,-4.453692,-4.762199,-3.0624883,-4.882677,-4.0953574,-1.9788078,-0.33954307,-2.3912525,0.07658209,-0.8497359,-0.22009741,-3.3865442,-2.5141587,-1.928627,metal
-61.47552,71.744484,-46.288235,75.44222,-18.524563,35.957085,-12.68256,28.374231,-9.363221,14.5109625,-4.269454,11.870008,-16.039183,12.117884,-16.081953,2.3608215,-8.121183,-1.4349422,-0.9419497,0.81972945,-10.069968,-0.62860733,-7.8011575,-1.8058647,-4.936677,-4.4059777,2.015375,-2.6563725,-0.29114145,1.5255625,0.089056835,-0.07594063,0.9075204,-1.0707628,2.103839,-0.99275154,-2.5066473,-1.6281224,1.2747787,-1.1019518,metal
-36.462593,94.796684,-36.61026,55.001995,-8.23886,29.687298,-13.684501,28.724905,-11.995235,19.366922,-15.665719,13.938667,-11.981068,7.5400558,-11.918596,5.4808097,-9.272308,6.1842523,-4.3013177,1.8341254,-6.8651114,0.7770515,-3.1817548,0.80593437,-2.9850936,-1.0503273,-4.473678,0.7163208,0.13238016,0.53534895,1.7484854,1.1914457,0.710136,-1.9315189,1.3878639,-0.779402,0.4456166,-1.8161963,2.02306,0.996401,metal
-28.089987,84.033875,-43.71616,47.990974,-22.45509,19.917406,-25.18115,24.802288,-13.120749,24.669502,-16.419373,17.564196,-15.417398,8.639938,-9.952718,7.071071,-9.484701,8.427125,-3.548901,2.6234772,-7.915459,3.7965274,-3.1021645,-1.0826496,-4.5300903,1.9802676,0.11833132,1.6709462,-1.3835132,-0.9530412,-0.8800746,0.13544872,-0.9395939,-3.7994487,-5.4616175,-5.9989123,-3.1068618,0.99245316,1.2389597,-2.756642,metal
-103.658356,73.83583,-16.12747,53.154728,-25.099674,33.991577,-13.641721,25.99047,-18.906933,18.668743,-12.777742,9.5456295,-16.148779,8.769027,-12.545799,5.365656,-8.112325,6.6663537,-4.4953675,2.9296641,-6.2481666,0.24737658,-6.944029,-2.2989388,-2.3806117,-2.0443704,-1.9258868,-0.8391308,-3.5005748,-2.0902479,0.03745173,-3.2339215,-0.93649644,-3.835858,-1.9195689,-2.993677,0.6750909,-0.9367041,-1.2180353,-1.1053169,metal
-77.45472,130.88896,-23.287468,61.99624,0.9075684,30.532888,-8.75849,19.44326,-2.2276921,13.108556,-3.2997823,8.935825,-8.964679,-0.35130334,-6.036298,-0.39818135,-6.789776,-4.3958716,0.97613394,3.9791048,3.2289724,-1.1256936,-2.2340183,-3.5004969,-1.5178005,-1.6871996,3.993589,0.41410777,0.52871615,-2.955657,-0.68257475,-1.8442557,-2.1202707,-4.121034,-2.4713376,-4.827778,-2.0598557,-4.2115483,-3.519902,2.6045969,metal
-12.502531,91.33017,-23.079102,50.981163,-12.106397,30.916203,-15.001935,23.06173,-14.281175,23.065378,-17.684673,13.16198,-15.200903,3.9402606,-9.093106,5.5435486,-9.840607,5.6275406,-7.0400944,1.4170808,-4.3399096,-0.05457548,-1.027459,1.0167557,-1.148134,-1.3568081,-3.4771695,-1.8668584,-3.1596403,-1.2360129,-1.6758293,-1.6798612,0.8518754,-0.41166976,-0.28883654,-3.0773811,-3.9298902,-4.048776,-1.7749344,-1.7547857,metal
-61.90703,93.03636,-39.96771,56.147964,-19.685198,23.381887,-7.6440945,17.719402,-19.306637,17.783297,-13.095866,14.301978,-13.079706,5.447866,-10.795584,3.7329993,-10.746842,1.2737479,-4.6123557,0.33479154,-7.8941965,-3.8167732,-6.6159434,-3.5679119,-6.304031,-4.837947,-3.2368925,-1.4976962,-1.9394263,-1.7252322,-2.03326,-0.5073283,-0.1942142,-3.3466609,0.22826326,-2.6453638,-1.8641528,-2.4893522,-2.5255542,-1.557873,metal
-35.73135,115.46691,-40.631664,75.38111,-12.545451,21.839254,1.8210292,15.605564,-0.17317195,10.234974,-11.762732,15.405225,-12.471008,4.6235504,-2.470627,-1.6684319,-0.3332341,-7.7724237,0.99608016,-4.1807895,-10.087195,-1.0908253,-2.5181737,-2.7014155,-1.8421023,-3.7305467,-2.0139313,-4.3685517,-2.5996978,-3.6418242,-5.2817535,-2.85075,-0.39140233,-2.0048094,-2.9543114,-4.4244833,-2.5348241,-3.2029557,-1.1868967,-1.563058,metal
-104.68676,87.7357,-33.242126,48.456833,-28.924986,22.51373,-24.994108,20.534803,-12.07721,18.25662,-15.190194,10.294038,-13.897689,10.2869,-4.6970434,9.943592,-5.6209707,4.791561,-11.678111,2.9583418,-0.6931105,0.87250936,-6.686566,-1.7918795,-4.2618165,-0.13114858,-1.5034515,0.65565366,0.52907646,-0.47096196,-1.4025728,-1.5724002,0.07975747,-0.69699764,1.4576558,-0.73829716,-1.5178616,-2.381065,-1.3643937,-0.72042197,metal
13.472155,78.02858,-32.999123,55.55011,-9.963229,35.417408,-17.641218,29.057074,-11.254932,14.004886,-10.102363,16.52735,-8.494954,5.9217753,-11.878571,6.4486423,-11.164234,-0.19770099,-2.188119,1.3877146,-8.644351,0.6253028,-4.8809114,0.4285335,-4.15698,-3.7944252,-1.6657727,-1.6160107,-0.9104119,-0.9564734,-1.0141104,2.0686588,-2.7819738,-5.3547993,-2.388066,-4.984385,-3.7571795,-1.860656,-1.545067,-1.955724,metal
-71.27534,82.33836,-30.17323,56.4643,-10.875072,26.82275,-15.808304,25.348274,-15.630503,17.768711,-13.055728,14.628012,-14.275042,9.547383,-10.368048,8.101744,-7.463908,5.4308796,-4.4021826,3.0511744,-6.159538,0.45006898,-3.503848,-0.78490543,-5.0702004,-1.4780289,-5.456228,-1.2471927,-0.7834657,-2.195824,-0.61425495,-0.6261165,-1.0376446,-1.4434038,-0.31770173,-0.21527559,-1.5258251,-0.9204954,-0.39499113,-0.4161975,metal
-79.07527,106.81676,-38.75978,39.854446,-26.757378,32.46526,-15.021737,29.701921,-11.37107,13.770958,-14.502706,16.169477,-3.062653,3.566323,-17.280031,-2.1323605,-12.57326,-1.2415168,-1.201715,9.030017,-5.963624,1.5325191,-1.6927565,-2.27659,-4.035332,-5.59906,-3.4868236,-4.4107456,-5.230155,-3.3100703,-1.5035273,-3.2390046,1.7745172,-0.03380398,-1.1195847,-3.2331913,-1.0041475,-4.774816,-4.5490823,-6.397134,metal
-122.234886,62.287914,-34.475754,75.653,6.277377,22.03109,-10.958645,23.23548,-12.28494,5.612535,-6.983782,5.6169767,-14.398442,-0.4762993,-11.284502,2.134981,-7.712521,-2.7237544,0.8729692,-5.3240557,-5.6132207,-6.0656548,-6.82821,-3.8491309,-4.1842766,-4.824877,-4.229273,-3.786435,-3.9376497,-4.289648,-0.81544614,-2.7112584,-3.0659485,-4.0596657,-2.7098763,-3.9731302,-1.6642307,0.4991379,0.35156378,0.26899815,metal
-99.77965,102.12207,-23.655642,63.08262,-8.785434,30.73993,-9.646097,14.164796,0.3726571,13.223106,-10.096967,9.193242,-4.932152,2.3094268,-7.185385,-1.0914271,-4.928224,6.327074,-5.0554013,-9.303228,-3.4820523,-2.5538924,-3.6809123,-7.288574,-4.3783,-6.8257093,-4.456131,-4.3428154,-2.259514,-5.302065,-6.4044676,-5.55721,4.024386,-2.102167,-0.2606648,-0.28201777,-6.0765076,-7.6026363,-2.4710424,-3.3168068,metal
-74.115524,80.12189,-46.98442,51.01986,-9.138491,31.76564,-6.376152,24.85552,-19.142609,20.790123,-11.669212,13.848666,-16.47486,7.748832,-10.6138525,7.497551,-10.351636,4.983658,-8.210215,1.2308668,-7.464061,-0.51157814,-8.899526,-4.8721843,-4.3487597,-0.73348516,-3.6389346,-1.1835762,-2.5507193,-2.7395873,-2.5717304,-0.90908086,0.07362852,-2.1889598,-0.29420382,-1.279986,0.31754297,0.44136587,1.3363025,-2.4031148,metal
-100.42865,104.687256,-57.258125,56.590775,-5.5367727,22.836327,-6.167543,23.090933,-19.069185,17.792305,-13.767806,9.958693,-14.848814,0.34489408,-7.325637,6.975784,-12.664745,-0.55820024,-11.753996,-1.541862,-7.612647,-5.2715135,-7.385896,-4.049084,-5.49424,-4.590137,-3.5974514,-1.230919,-1.0370063,-2.2541544,-0.9825969,0.48305324,2.3583844,-0.6272812,-1.3135858,-2.8304412,-1.3878736,-0.52646136,0.95532256,-2.089747,metal
-93.59133,89.89402,-55.902695,51.637325,-5.558396,28.777815,-13.892873,27.350773,-15.316164,22.829412,-12.410712,9.704986,-19.730852,-0.7791874,-9.100343,12.41412,-5.453556,4.238625,-10.870194,-2.9501216,-8.792005,-1.9020386,-4.6267314,-1.9047024,-5.2735925,-6.7538743,-4.059016,-2.495236,-3.1375518,-3.3869448,-0.9431873,0.73428994,3.8425667,2.2019067,-0.40085292,-3.565,-2.359994,-3.445249,1.3026884,-0.5763697,metal
-110.87448,83.18676,-45.257427,56.596424,-7.4923544,19.979755,-13.402861,21.218973,-15.71974,18.087412,-18.12701,12.930389,-17.24171,3.3319187,-7.5791416,5.8677907,-7.949427,6.8205423,-5.6727304,1.3515627,-7.6147885,-1.4397645,-7.997428,-1.960818,-1.915345,-1.3154362,-0.85217047,-1.1269196,-4.179673,-2.1830325,-0.73973477,0.98561287,1.1633791,-1.9062515,-1.0011431,0.2746609,1.321632,1.9306036,1.1146188,-0.006396391,metal
-86.27023,76.75912,-42.356274,53.999104,-8.330258,29.407862,-7.9087305,26.661469,-14.234941,18.466795,-17.955868,9.869916,-19.038647,6.477254,-8.355194,4.8816915,-11.782924,1.6698998,-10.605783,-3.7786944,-12.165051,-2.716692,-8.451992,-3.9744468,-7.091508,-3.0439749,-1.0865692,-0.24810082,-3.2066503,-1.944106,-1.2591562,-1.1317167,-1.0584126,-0.920166,-0.32562202,-1.0477858,-0.70437604,-2.1543944,-1.0500454,0.10729914,metal
-135.51762,93.37061,-43.314274,59.227753,-8.516593,20.944653,-6.532816,21.889866,-18.970129,17.050318,-15.884877,11.082778,-18.48888,-0.826837,-5.6172304,4.665267,-8.734545,2.1139982,-8.564519,0.21051939,-3.7889824,-4.0265403,-6.352805,-3.9486291,-1.8191276,-4.0559783,-3.5182936,-0.4541738,0.24894473,-1.5885994,-1.1800995,-2.502616,2.0656452,1.1919758,0.9647443,-2.8776426,-2.7396755,-2.164896,-0.6178795,-1.1853521,metal
0.3734972,79.70633,-30.638968,61.07577,-17.464642,26.695745,-21.258287,22.35319,-13.023766,17.867393,-13.381073,19.257633,-10.976209,10.706493,-9.433652,7.660083,-8.689539,3.1708357,-6.828639,3.8781016,-4.9004736,4.0810623,-2.9508128,0.54081404,-0.81851566,-0.87022424,-2.5665388,-1.0985087,-1.8712527,-0.98519796,-1.8980354,-2.800847,-2.6322277,-4.348007,-2.6317189,-4.981359,-2.2704337,0.25210476,-2.123027,-2.2380927,metal
-1.9254109,72.69556,-32.789642,63.592033,-18.557953,25.872955,-13.854105,18.064384,-11.945406,19.657593,-13.9614725,18.737665,-11.190176,7.9533334,-10.283534,5.310404,-9.025781,4.315321,-5.6433825,8.725261,-5.1131186,5.324581,-1.943412,-0.741224,-0.49443707,-1.3415353,-3.8058758,-3.6142895,-6.7240076,-3.2227287,-1.3284818,0.567009,-2.5900996,-3.8196807,-2.778297,-3.6955967,-2.2692246,-0.21509096,-1.1820257,-3.3487122,metal
9.6126,76.345825,-31.275438,56.887745,-20.73966,27.254444,-16.64428,19.372133,-13.922549,19.66951,-16.064049,17.490234,-12.959961,11.716283,-11.183552,5.478863,-8.587833,4.1037006,-4.4196367,8.829624,-5.3079734,2.0133376,0.1485385,1.2562728,-0.9916201,-0.6456836,-2.0835996,-1.2867515,-5.4363127,-3.5213811,-0.046095952,0.54571545,-0.15285395,-4.340998,-1.8339258,-2.9815104,-1.0295252,-1.1587211,-0.5713922,-3.6998744,metal
10.01106,74.12018,-32.23159,62.77233,-23.32492,30.028408,-14.876241,20.15313,-12.141148,19.180307,-14.977439,18.800049,-12.278637,11.281032,-9.482024,7.92427,-5.6097245,4.6561403,-5.2802196,6.826087,-5.9213753,4.4166903,-0.48134866,1.0576451,0.009519595,0.7750231,-1.1967286,-0.5852032,-2.9100156,-2.876632,0.028696142,0.15455191,-1.9126192,-4.1744328,-2.5982728,-4.7413287,-3.3833106,-1.3194319,-0.5697292,-3.613765,metal
16.498144,71.17403,-22.343836,60.273594,-18.556435,27.622684,-12.409244,16.955914,-8.73399,17.861544,-13.475232,18.930727,-11.024661,9.911685,-7.3751435,6.735554,-5.955689,3.81493,-6.191193,7.16933,-6.065646,4.6222663,1.1933784,1.5368668,1.1339908,1.089555,-1.5431598,-0.13757814,-2.6913412,-2.777453,-0.8545498,-0.99121445,-3.0656087,-3.6695526,-2.638272,-3.5022004,-3.9791377,-1.902306,-0.67895347,-3.5029483,metal
9.626442,54.66245,-21.025988,60.160816,-21.065937,32.140625,-15.826892,21.457956,-8.718101,19.355715,-12.387803,19.743502,-10.803767,12.307345,-8.376524,8.23457,-7.0850515,4.327325,-7.334388,6.029405,-6.402571,4.27738,1.0910884,1.0610894,0.50788975,1.0282276,-2.8288183,-0.13392389,-3.4103863,-2.7282848,-1.2988136,-2.1214879,-3.2607589,-4.2069097,-1.2887869,-2.3819275,-3.3172486,-1.3918942,-0.4054249,-3.5618064,metal
4.007582,83.274345,-37.258846,62.334545,-14.855903,23.4053,-10.465684,16.790585,-7.9484053,16.29695,-11.256233,13.319225,-7.8180065,6.423224,-5.4770126,4.675414,-5.1417117,3.0196292,-2.7726502,3.8143523,-4.8535323,1.9180415,-0.88617283,-0.4814697,0.31781012,-2.6315532,-0.21955653,-0.18567842,-0.18523322,-1.5438758,-1.4705572,-1.7580861,-2.3655355,-3.766083,-1.7390722,-5.4211307,-3.1992702,-0.9722037,-1.5853608,-2.2909994,metal
4.940334,75.07084,-24.73708,57.010853,-21.78284,26.048834,-12.566025,17.441984,-10.24325,18.605541,-13.024874,18.953098,-9.70242,11.359749,-7.2705593,7.7291527,-5.397446,3.4073262,-6.935817,6.544121,-6.0837145,3.814751,0.083379984,-0.25339496,-0.09584837,-2.0368,-1.910215,-1.4069349,-2.1078823,-2.2927768,-0.48101807,-1.887872,-3.1786213,-5.360347,-3.402131,-4.4588394,-3.9694483,-1.7335099,-1.0018563,-3.3489797,metal
1.1746387,66.64868,-23.702896,60.944363,-18.885223,29.745417,-17.54929,21.030996,-11.191259,18.808361,-13.065931,19.950945,-10.563495,10.513774,-9.3363695,8.415618,-6.657996,5.0049186,-6.4743004,7.6110287,-5.7408714,6.221255,0.14433397,1.2960182,-0.0631763,0.36346704,-2.9418683,0.056950208,-2.9103954,-1.976619,-1.6451972,-1.692276,-0.85840315,-2.1655571,-1.0556202,-3.0881553,-2.7209153,-0.89609784,-1.6522379,-4.6471744,metal
10.46768,63.71505,-28.434465,62.601223,-19.601042,28.823448,-15.230561,19.297329,-10.69957,18.856491,-12.71232,18.030092,-10.830204,12.705911,-6.1213317,9.256771,-7.143946,4.64053,-6.5071797,7.859061,-3.837667,3.2063751,-1.4160274,1.186466,-0.9592903,-0.65622526,-0.5454795,2.2663853,0.96304786,-0.88513327,-2.0065725,-5.250992,-4.439283,-2.9926107,-0.7385677,-3.3292468,-3.7675712,-0.9129736,0.98196363,-1.3518779,metal
11.974039,69.42492,-23.266045,60.70763,-20.820644,25.098286,-16.195517,15.557082,-10.503491,18.778439,-13.387608,17.373083,-11.059947,10.266618,-8.716946,8.182579,-4.960778,5.420798,-5.496191,9.081053,-4.3228097,5.1558666,0.85548425,1.3270829,-0.033480667,0.3799078,0.31003067,2.43928,-0.030761104,-1.4383013,-1.0128216,-1.8660704,-1.8815064,-1.5566535,-0.048198216,-1.7889023,-2.3849394,0.46354693,0.40314817,-2.490193,metal
-24.911848,77.543625,-30.417303,68.36967,-6.524643,24.6945,-9.805858,19.518623,-11.461867,18.592081,-14.161357,14.448354,-5.920214,9.08153,-7.698092,5.832566,-6.617128,2.292533,-7.4986577,5.7593102,-6.3271947,0.6117424,0.6345646,1.2885057,1.5259424,-0.321414,-0.025813997,1.5857002,-0.23092878,-2.4195688,-3.865386,-3.9292152,-1.9131631,-3.5444283,-0.45549417,-1.5418333,-2.0686777,0.27245086,-0.4553044,-2.8388798,metal
-15.687386,100.098274,-37.590458,45.971,-20.773737,25.637007,-18.64387,26.516623,-20.16317,21.12962,-13.649135,10.978789,-15.535993,3.681421,-7.7146096,3.9337354,-8.12184,6.9547653,-2.0548267,3.9079614,-4.592529,0.54871714,-5.3724794,2.154189,-2.8774083,-3.7803187,-1.786528,-0.93278384,-3.4556897,-1.2932264,-1.9091138,-1.7909404,-1.1167448,-2.4956279,-0.6153188,-2.7353995,-0.19811615,-2.0715327,-1.1672298,-3.7816358,metal
-15.622626,99.13169,-45.622692,55.021473,-18.016518,23.8905,-19.60334,27.33491,-15.09996,18.792261,-16.151487,9.21564,-16.218187,5.4411445,-4.6560435,6.2786555,-4.701227,7.4452233,-5.8759637,-0.6940044,-7.1488714,2.1000733,-1.8779116,-1.1237434,-5.286312,-7.0621734,-4.665309,-4.821515,-6.80572,1.2735467,2.980114,0.07263148,-1.5457691,-5.137897,-1.2262328,-3.7374763,-0.8543062,-3.669356,-1.3830391,-5.6603155,metal
-58.221924,105.824524,-43.90767,58.441563,-18.440866,27.96586,-17.969337,21.048119,-15.5502615,13.395051,-15.685904,9.364441,-15.323451,1.5323157,-5.974994,2.051745,-6.8151,4.2109413,-3.407656,1.7647108,-4.7307196,-0.9901943,-1.3180832,-0.7635757,-1.6184785,-5.38056,-1.2263106,-2.3929515,-3.5331533,1.2146239,-0.74020666,-1.4685392,-1.4813572,-3.6112132,0.8503444,-3.2791226,-0.7704482,-2.7314982,-1.3935016,-3.7083359,metal
-74.115524,80.12189,-46.98442,51.01986,-9.138491,31.76564,-6.376152,24.85552,-19.142609,20.790123,-11.669212,13.848666,-16.47486,7.748832,-10.6138525,7.497551,-10.351636,4.983658,-8.210215,1.2308668,-7.464061,-0.51157814,-8.899526,-4.8721843,-4.3487597,-0.73348516,-3.6389346,-1.1835762,-2.5507193,-2.7395873,-2.5717304,-0.90908086,0.07362852,-2.1889598,-0.29420382,-1.279986,0.31754297,0.44136587,1.3363025,-2.4031148,metal
-100.42865,104.687256,-57.258125,56.590775,-5.5367727,22.836327,-6.167543,23.090933,-19.069185,17.792305,-13.767806,9.958693,-14.848814,0.34489408,-7.325637,6.975784,-12.664745,-0.55820024,-11.753996,-1.541862,-7.612647,-5.2715135,-7.385896,-4.049084,-5.49424,-4.590137,-3.5974514,-1.230919,-1.0370063,-2.2541544,-0.9825969,0.48305324,2.3583844,-0.6272812,-1.3135858,-2.8304412,-1.3878736,-0.52646136,0.95532256,-2.089747,metal
-93.59133,89.89402,-55.902695,51.637325,-5.558396,28.777815,-13.892873,27.350773,-15.316164,22.829412,-12.410712,9.704986,-19.730852,-0.7791874,-9.100343,12.41412,-5.453556,4.238625,-10.870194,-2.9501216,-8.792005,-1.9020386,-4.6267314,-1.9047024,-5.2735925,-6.7538743,-4.059016,-2.495236,-3.1375518,-3.3869448,-0.9431873,0.73428994,3.8425667,2.2019067,-0.40085292,-3.565,-2.359994,-3.445249,1.3026884,-0.5763697,metal
-110.87448,83.18676,-45.257427,56.596424,-7.4923544,19.979755,-13.402861,21.218973,-15.71974,18.087412,-18.12701,12.930389,-17.24171,3.3319187,-7.5791416,5.8677907,-7.949427,6.8205423,-5.6727304,1.3515627,-7.6147885,-1.4397645,-7.997428,-1.960818,-1.915345,-1.3154362,-0.85217047,-1.1269196,-4.179673,-2.1830325,-0.73973477,0.98561287,1.1633791,-1.9062515,-1.0011431,0.2746609,1.321632,1.9306036,1.1146188,-0.006396391,metal
-86.27023,76.75912,-42.356274,53.999104,-8.330258,29.407862,-7.9087305,26.661469,-14.234941,18.466795,-17.955868,9.869916,-19.038647,6.477254,-8.355194,4.8816915,-11.782924,1.6698998,-10.605783,-3.7786944,-12.165051,-2.716692,-8.451992,-3.9744468,-7.091508,-3.0439749,-1.0865692,-0.24810082,-3.2066503,-1.944106,-1.2591562,-1.1317167,-1.0584126,-0.920166,-0.32562202,-1.0477858,-0.70437604,-2.1543944,-1.0500454,0.10729914,metal
-135.51762,93.37061,-43.314274,59.227753,-8.516593,20.944653,-6.532816,21.889866,-18.970129,17.050318,-15.884877,11.082778,-18.48888,-0.826837,-5.6172304,4.665267,-8.734545,2.1139982,-8.564519,0.21051939,-3.7889824,-4.0265403,-6.352805,-3.9486291,-1.8191276,-4.0559783,-3.5182936,-0.4541738,0.24894473,-1.5885994,-1.1800995,-2.502616,2.0656452,1.1919758,0.9647443,-2.8776426,-2.7396755,-2.164896,-0.6178795,-1.1853521,metal
-82.50126,97.34412,-34.373585,71.40592,-3.2831824,17.367373,-9.023832,16.01118,-19.003857,12.07876,-9.568192,13.949615,-14.460563,7.954933,-7.123618,5.177264,-7.2045436,0.66760653,-4.8388996,-2.1070077,-9.23363,-0.24708235,-2.9040132,-1.3206444,-3.0930622,-5.480045,-2.448056,-4.0356455,-1.2783065,-2.2960038,-3.9034088,-3.6500778,-0.55117655,-2.7150393,-1.9368241,-3.5907266,-2.6326227,-4.273553,-2.6795707,-2.7338307,metal
-99.92597,106.37655,-40.69357,52.716984,-20.752645,25.27852,-11.834836,22.090797,-12.473096,13.774301,-14.384913,15.974963,-11.724976,5.771152,-9.157407,3.6455305,-8.888176,2.3828778,-3.6879458,0.15610035,-3.33888,1.6249064,-2.9250512,-3.8533819,-3.619523,-0.8690423,-1.2221451,-1.2761168,0.008664843,-3.0316987,0.9753699,-0.9292372,0.2726115,-1.7822453,-1.3619717,-2.9840238,-2.5698447,-2.1279306,1.2467958,1.0663682,metal
-111.631966,111.15152,-10.673634,69.67505,-4.9124284,29.834528,-10.388692,21.257767,-6.6391087,20.084322,-7.234053,16.228865,-10.11801,5.317103,-3.5098681,1.3618948,-4.704603,5.637869,1.5145245,1.8745898,-1.6365044,-2.4529824,-1.8877854,1.1519123,-0.8822283,-5.564736,-1.6906368,-2.667055,2.3155465,-1.8417697,0.6713925,-1.2062721,1.8824317,-0.8242384,0.011401186,-2.036483,1.0948639,-2.174142,-1.4969847,-2.9138663,metal
-197.24265,74.135826,-10.732934,54.719276,-7.5989184,18.415987,-18.87797,11.601353,-14.568,18.417076,-16.47915,12.569828,-10.470822,12.355381,-6.2587886,10.49567,-7.0594673,3.7297091,-3.235438,0.6581139,-7.054009,1.3528266,-4.1327314,-3.1677134,-4.411537,-3.8119226,-1.9525135,-1.5194931,-3.0505285,-3.4816604,-1.9107912,-1.3606107,2.1399462,-1.6157831,0.88424397,-2.0299802,-1.864375,-3.9071903,0.8735256,0.93292654,metal
-78.646675,80.88038,-24.589214,47.02528,-23.750683,27.423235,-17.429619,22.271526,-13.534701,21.57405,-11.100493,15.586867,-9.705414,10.519358,-8.843407,6.214203,-4.7677083,4.5312366,-3.4288995,3.164565,-2.3918731,0.53295726,-2.2841656,1.0672108,-1.5711135,-0.9358745,-0.7661595,-2.515898,-3.267594,-2.8930845,-2.0156968,-1.9980148,-0.6386046,-2.3120503,-0.9824898,-3.3042645,-0.28999072,-2.2282665,-0.2511933,-2.271412,metal
-35.211857,93.95566,-35.18496,62.78997,-11.732125,26.993427,-10.765925,24.075377,-13.050642,13.60035,-12.423316,13.567939,-12.25336,5.923869,-11.990138,3.3103526,-11.968026,-1.369747,-2.4044917,-2.6268032,-6.0908756,-2.883102,-5.5717998,0.29198068,-4.9950414,-1.7980341,-4.295931,-3.5044804,-1.8573202,-2.504547,-3.1488943,-3.5159311,-3.3026996,-0.9622083,0.5796904,-1.6548014,-1.2497493,-3.1352618,0.36577797,-2.5115938,metal
2.76582,77.069046,-17.562174,57.969265,0.73400027,28.834631,-7.8623486,27.62109,-13.553445,17.290194,-7.5781507,13.043516,-8.747499,6.2662,-8.75173,5.6346817,-10.762566,1.7315366,-7.0443177,-1.6029269,-6.888977,2.3074856,-0.80332613,1.643429,-6.3327765,-5.909647,-4.4070234,-1.9498767,-0.1920197,-0.46377385,-2.363735,-2.858883,-3.5387435,-2.7080002,-1.447976,-2.4271874,-3.4490004,-1.8502647,-1.5118386,-4.0652933,metal
-201.17038,76.82515,-14.830626,68.75314,-12.95295,36.95549,-10.98254,23.685736,-12.256573,16.672419,-11.068587,15.556435,-11.184572,10.567687,-3.8928819,7.0718303,-9.825485,2.655147,-9.00015,-2.2275777,-6.519499,-1.0623314,-1.328793,0.34725612,-4.823607,-5.038653,-5.1485825,-2.00495,-2.9782915,-3.6911085,-1.2694134,-2.1168132,-1.1095835,-3.2182262,-1.7272365,-3.1885443,-2.680917,-2.107347,-1.3250924,-2.4101782,metal
-40.462826,105.28377,-14.121417,54.854095,-1.1847314,20.078169,-11.686578,22.177694,-10.237689,14.195449,-6.9125757,13.3451395,-9.254659,6.935654,-4.394073,7.8038287,-7.6232224,0.6606211,-3.9646733,-0.0010202603,-8.799797,-2.4551914,-2.4087121,-2.732243,-3.531991,-5.923043,-0.88734543,2.3778815,2.7724779,-0.4059343,0.20152949,-4.780463,-0.093845785,-3.1487157,0.93708014,-2.701167,-2.607644,-3.9954784,-1.5866076,-2.4118562,metal
-100.87205,76.131744,-29.540949,69.70769,-17.339685,21.392006,-12.921216,22.004938,-9.841376,18.424261,-12.037167,8.98118,-20.874262,-2.6910977,-9.629925,2.931675,-7.5035872,0.53127,-4.969364,-3.1851037,-4.4168696,3.4530435,1.1445942,-4.7528296,-7.302482,-5.74312,-1.5148828,0.023995556,0.33564058,-2.3131218,0.97482723,-1.4994303,0.17743345,-0.70769185,-0.39836082,-5.871479,-4.0890193,-3.0264406,-0.45696738,1.2683781,metal
-42.02993,86.998,-27.519882,62.60779,-27.02055,32.348595,-18.955395,22.138983,-14.33114,19.516882,-10.970767,16.759539,-12.39556,10.520514,-6.721216,6.5170836,-9.209883,6.571162,-5.7864056,1.3288356,-1.3088439,2.221366,-3.5868177,0.92236227,-0.76213604,-0.34338954,-2.8466601,-1.275804,-0.32094795,-0.30237585,1.176244,-1.6405619,-0.9416519,0.015916193,0.8252651,-1.9317139,0.43342954,-2.3528247,-1.945795,-0.9839691,metal
-1.6504898,73.40672,-15.8976755,55.80285,-1.9217755,34.024567,-8.33632,32.767876,-9.721337,20.836998,-9.041395,13.956027,-9.598967,4.965141,-6.625369,6.481497,-6.449592,2.232519,-3.009212,1.9899175,-6.223001,-0.320551,-2.8193135,-1.5029585,-4.745188,-2.5331352,-2.9267755,-2.358558,-0.0067014783,-3.0180204,-1.9006629,-2.1108258,-0.72871524,-1.4243735,-0.25031775,-2.4492974,-2.4689026,-1.0655825,-1.2035416,-3.3301473,metal
-74.930435,79.14186,-40.912487,54.720623,-9.683361,37.261475,-14.976005,20.937372,-17.431295,16.582232,-11.095818,15.470195,-11.143389,10.473645,-6.3828216,5.5478888,-7.29011,2.9126554,-0.56903315,-2.834362,-6.2072096,-2.1963642,-5.4587755,-5.7626762,-6.486558,-7.398289,-3.8579888,-4.802712,-1.4837347,-4.3933864,-2.5229924,-3.8020232,-0.7445801,-3.0341902,-1.0971184,-4.559003,-1.2003671,-4.434003,-3.7007327,-2.5025566,metal
-73.53079,74.63624,-16.441614,55.65842,-7.735835,36.544735,-18.304749,27.83494,-11.930489,20.062954,-11.356052,14.714357,-7.2918735,9.6061735,-6.752446,7.8925457,-3.5827742,2.666089,-5.1028223,3.0479608,-1.7704326,1.8252025,-4.2562337,-2.795649,-5.879415,-3.9718475,-1.7956955,-1.6338389,-1.2495328,-1.7718931,-1.286238,-3.378579,-2.1303847,-4.536807,-1.5614483,-3.222941,-0.6864178,-2.3968718,-1.0635397,-2.5553656,metal
-19.135782,118.842636,-52.170376,42.712044,-21.5773,27.695185,-14.619277,27.023914,-17.138737,18.976408,-10.770826,9.391385,-4.661059,1.0903963,-5.0440955,4.053998,-6.41968,1.9957601,-5.504406,0.45868534,-6.254968,-1.265006,-4.415255,-2.674797,-4.723358,-5.8806925,-1.8685733,-2.728874,-0.76003677,-4.477121,-0.15421161,-4.7015777,-1.5877485,-2.9089432,-2.9554327,-2.4241192,0.027806781,-0.48598427,1.8043976,-2.6341593,metal
-57.683388,101.43233,-41.485245,55.1306,-23.34928,28.151102,-12.139105,18.150204,-15.429839,11.888646,-10.803695,9.394469,-12.284428,4.809484,-12.406643,5.4261503,-8.844724,0.0592812,-3.1784744,-3.3618436,-7.7844157,-2.7996309,-5.3517456,-2.950827,-5.5557613,-2.8108604,-2.8306417,-0.3361614,-0.5191294,-2.3184564,-0.3922208,-1.4077156,1.2097744,0.5981508,0.8239249,-3.2830021,-1.2244939,0.0059844214,-0.16432574,-0.55797416,metal
-29.364521,101.90519,-29.13861,69.73786,-16.19941,19.447557,-18.348463,19.076456,-18.29892,15.284218,-8.25647,2.497314,-14.802311,4.613596,-12.252426,5.2742033,-10.689712,6.4197164,-6.4118514,-7.0120497,-3.8219383,-2.8453548,-5.066865,-6.488744,-5.8917007,-5.350322,-4.5073423,-2.7291224,-2.1119423,-2.0134182,2.7377195,-3.9117677,-3.864161,-5.8099194,-4.892568,-2.9537902,-0.112561256,-0.111926764,-1.1239522,0.25149623,metal
0.2972945,94.16096,-32.3892,45.45783,-15.206419,25.888224,-12.4076,19.62569,-6.809362,17.237934,-12.993833,13.681172,-8.694563,6.838666,-8.357132,4.9821687,-4.3411765,4.7893076,-4.18103,2.5486681,-1.329714,2.566048,-0.43387872,-0.4863593,-2.45425,-1.1859169,-1.1006069,-3.9716036,-2.28223,-1.1027793,-2.328241,-3.4566817,-2.513008,-1.7621534,0.13309987,-2.7045043,-1.1169168,-1.4703896,-0.6541646,-3.493734,metal
-46.61735,86.81588,-34.77483,49.901302,-18.186413,28.723978,-23.486288,15.659389,-8.936179,10.598559,-18.183575,12.444951,-13.554956,4.6712112,-11.670173,5.325439,-13.545012,1.3799658,-4.7241106,-3.1248193,-8.403427,-1.4085928,-8.492281,-5.128892,-3.9966788,-3.1098087,-3.9473174,-4.7120585,-1.8317003,-2.8883922,-4.0868464,-4.5929947,-4.501449,-4.994468,-0.79392904,-2.4683437,-2.0932302,0.14757982,0.9199345,-0.87750095,metal
-96.30452,90.982155,-32.244602,54.34014,-23.049862,27.707533,-16.94906,21.061527,-18.193655,22.608337,-9.001288,14.27406,-11.000206,10.09328,-11.180352,5.7860255,-9.896402,4.399218,-6.9783983,1.2410431,-5.39514,0.2030496,-2.9023292,-0.8573812,-3.7725914,-1.5929288,-2.7418542,-0.1871739,0.6847164,0.535415,0.040481426,-2.0032763,-2.5111277,-2.0639417,-1.883132,-2.935602,-1.136781,-2.4175076,-0.16931176,-1.8485395,metal
22.813816,60.81909,-6.4107723,53.192276,-13.250526,27.924463,-14.319424,29.69412,-17.342932,20.313677,-9.74616,17.133959,-8.265369,8.699248,-10.187819,8.035243,-8.118926,4.9180694,-2.4821687,3.202051,-6.303641,2.0956728,-3.6682425,-1.1805687,-5.2588224,-1.6344126,-4.7368603,0.36234903,-3.476782,-0.6286472,-2.8025482,-0.4120599,-1.2983905,-1.4627047,-1.3424726,-3.3325894,-2.333595,-1.7018151,-0.73439586,-0.8063847,metal
-129.72392,104.0453,-26.971247,68.268524,2.425616,22.604605,-12.102459,17.05899,-5.673139,13.670593,-2.8124695,5.3755283,-3.0072372,2.9793875,-5.830592,3.9463005,-5.997955,-1.9706916,2.3825223,-3.8564756,-3.9119978,-1.9216968,-1.0008718,-6.1322474,-4.6596537,-3.9243042,-4.6210237,-1.9583805,-1.3288126,-3.7320395,-1.3918937,-0.53829074,0.5806073,0.43831113,-0.72149897,-2.317357,-0.9356528,-0.015026837,0.5700201,-1.5407794,metal
-90.7047,128.03145,-34.762016,73.75541,4.3358192,28.097118,-0.52838403,17.356289,4.38969,12.314994,2.2703788,5.6799507,-6.7684245,-0.4774753,-0.28473485,5.875542,-3.9548364,-1.2923452,3.5097082,-1.2530525,-5.806953,-6.5998325,-1.3698473,-5.257669,-4.79402,-5.0412393,-1.8587453,-3.3678303,-0.281348,-2.062615,-1.8072869,-4.3734045,-0.89316636,-2.662946,-3.815608,-3.46393,-4.6213093,-3.7125928,-3.4604144,-1.4332802,metal
-93.4888,100.64778,-23.36959,52.49629,-7.7495117,39.58746,-7.7753906,26.730106,-12.477862,11.733406,-10.55607,23.026806,-9.96186,4.1548424,-12.798698,1.7885051,-2.0170689,1.9329511,-9.061236,-7.053524,-11.296654,-3.9004922,-0.59616554,-1.0900081,-3.091392,-4.633528,-1.8957183,-4.2423577,-2.5675902,-5.456989,-2.4157124,-1.3595848,-3.427564,-4.6536903,0.8281779,-7.547141,-7.0715914,-2.6704736,-1.7053185,-3.4523764,metal
-96.65606,101.72485,-16.843752,47.311695,-27.082909,28.275732,-17.200556,21.652477,-17.890528,7.0187664,-14.618829,15.222269,-16.005716,3.4892616,-13.510425,0.34644565,-9.604607,2.957613,-7.067704,-3.1289787,0.88303375,1.2788454,-3.3124762,0.23586261,-0.17405082,-3.2154212,-2.1413386,0.49895927,-2.0967953,-6.8544674,-0.21226166,0.8723511,4.838655,-1.2092189,-1.3018382,-4.4000435,-0.44486362,-3.612428,0.04412074,0.7448905,metal
-67.89626,108.934105,-33.84926,50.502457,-21.37301,21.500319,-14.890103,11.634112,-19.267109,10.5405245,-13.9223585,5.5628247,-14.43623,1.9926115,-14.666116,-3.0274572,-13.95539,-2.0799787,-9.063074,-7.546157,-5.523015,-2.288254,-2.003398,-0.8047983,-4.52594,-4.4558578,-2.828439,-6.951672,-3.0108712,-4.4253297,1.0043215,-1.6351435,-0.03718156,-3.7354121,-1.7834275,-1.5980684,-0.79746157,-2.9513476,-1.315296,-3.2685966,metal
-104.97826,80.70867,-28.533834,66.800766,-20.704025,29.11902,-9.355721,22.353577,-12.043808,13.592499,-14.734194,11.049198,-15.269818,5.3051586,-14.498409,4.748712,-11.4545145,-0.118270405,-6.5025268,-2.673578,-7.4497495,-2.7225904,-5.495563,-1.0423418,-5.293821,0.42414486,-0.49708128,-1.8738328,0.7046624,-2.8749552,-2.1200855,-3.3300898,-1.2845654,-0.3027623,3.73035,-0.6729574,0.5730612,-1.634027,0.26326272,0.22043334,metal
-104.68676,87.7357,-33.242126,48.456833,-28.924986,22.51373,-24.994108,20.534803,-12.07721,18.25662,-15.190194,10.294038,-13.897689,10.2869,-4.6970434,9.943592,-5.6209707,4.791561,-11.678111,2.9583418,-0.6931105,0.87250936,-6.686566,-1.7918795,-4.2618165,-0.13114858,-1.5034515,0.65565366,0.52907646,-0.47096196,-1.4025728,-1.5724002,0.07975747,-0.69699764,1.4576558,-0.73829716,-1.5178616,-2.381065,-1.3643937,-0.72042197,metal
-35.348392,94.13724,-24.249739,43.3057,-16.374916,29.515818,-5.852855,28.461887,-13.956537,13.738647,-9.20102,15.596586,-8.491607,11.409294,-6.1395063,9.319452,-6.614794,3.5066886,-3.2864223,3.667304,-2.041099,1.5613652,-2.1401966,-0.10008981,-1.6103561,-1.8862197,-0.14237683,-2.9975774,0.14683236,-2.891373,-0.69111156,-2.2807093,-2.7926414,-1.8471309,0.7962606,-2.5490696,-1.8862295,-0.6833943,0.52849483,-3.147076,metal
-51.584152,86.15932,-20.28268,59.05158,-10.889933,27.533499,-11.25417,23.941713,-11.55746,13.293803,-9.01642,13.907335,-10.740368,8.386071,-7.0909276,8.215174,-6.1754866,3.802813,-1.9112833,0.8906286,-5.929826,-1.2689112,-3.707605,0.2867752,-2.6678102,-2.2082047,-0.9803073,-1.1960484,0.7409847,-3.2801971,-1.1543046,-1.8123822,-3.115641,-1.7533042,0.17163832,-3.3392663,-1.8945765,-1.4859347,-0.16749923,-2.9146342,metal
-82.15793,98.29185,-16.521997,68.44801,1.4452635,29.869274,-5.2750893,24.399492,-10.475004,14.404365,-7.892161,10.020229,-8.503236,6.668705,-6.297929,4.435781,-7.250672,2.3266816,4.2457356,1.1033678,-5.511875,-3.6313825,-3.7074115,-2.8806548,-2.7843387,-5.04469,1.8660004,0.29391265,0.2444443,-3.3439827,-1.0866127,-1.586049,-1.8587883,-2.452688,0.8648908,-3.138808,-2.5414944,-2.1765566,-0.37047607,-0.728546,metal
-95.3391,92.06636,-28.061176,52.796284,-3.018975,25.395771,-6.135991,20.098093,-10.223874,12.411142,-8.270395,11.693288,-9.268385,2.805844,-4.433479,5.498817,-6.2805414,3.8303196,-0.42401597,4.660675,-7.731054,-7.4417534,-1.493485,-2.4449058,-2.9351826,-4.348318,-1.0134559,-1.1314381,3.2581573,-3.0803285,-3.7006602,-4.259809,-0.73030955,-1.2131121,-0.07688191,-2.1539047,-2.481189,-3.0764806,-0.7572024,-2.5744195,metal
-66.66679,88.367165,-27.544344,53.177696,-9.20226,27.959316,-8.114095,26.28682,-8.239136,12.685691,-7.13096,13.688373,-8.364938,7.9673624,-6.2975745,8.121079,-4.975645,6.161322,0.36444414,2.693767,-2.937813,-1.125139,-2.9692144,-0.9329252,-2.1512477,-3.7625728,1.5897022,-1.2110419,1.8053472,-3.5679815,-0.25894222,-1.4397739,-2.1033604,-1.3608253,0.75871485,-2.3272116,-1.161724,-0.55271626,0.9155418,-1.9506307,metal
-94.53429,55.664608,29.260527,27.047909,20.063942,1.1709085,12.953799,-0.7993096,8.8729515,-0.67619556,-5.338357,2.2207074,-4.614716,-0.98266083,-1.4855211,3.1320598,2.5117698,4.0958257,9.172982,4.7367454,3.5715356,1.1115006,3.2266614,1.1362194,2.1706715,-0.45063418,-0.7130957,-1.6592598,-0.25302073,-3.3507304,-1.319233,0.29151785,-0.75379455,0.8823097,-1.1841241,0.9537673,-0.21323785,-0.29793176,-1.4535478,3.2310922,pop
-59.200974,45.285435,36.85824,15.686738,15.64339,1.674394,7.294538,8.814742,5.826009,7.992021,-2.28285,1.8962289,-0.9197742,0.039757624,0.093806736,-0.82496876,5.5837708,3.8282194,5.5861907,4.9333415,2.355854,1.6049907,1.4294468,0.65414524,-1.2778823,-0.10181571,0.4067936,-0.70099527,-0.39894497,-1.1609757,-2.8005996,-0.98618656,0.11199224,0.7055597,-0.30216327,1.1855762,0.39194146,0.04967525,-0.40201968,0.5961383,pop
-59.607124,62.98234,31.12206,16.92889,8.904489,10.815333,10.561759,5.165959,5.4082975,6.1599445,2.2780192,4.2545376,4.1256804,5.7277184,5.0610714,5.671052,1.4182494,2.8187902,-1.4061422,-3.3785646,-3.4685466,-3.132506,-1.5881884,0.079722285,-0.84255093,-0.54287577,-1.2599924,-2.6503453,-0.8617612,2.285349,0.9262679,-1.005995,-3.2008264,-1.5001689,-1.709959,0.21402162,-0.27655888,-2.2330601,-3.0184321,-4.860115,pop
-125.906784,126.61828,-23.186909,36.22425,20.962921,-1.1735234,16.486767,-3.6612225,6.520491,9.33727,-6.409656,3.8801947,-7.941657,2.0486925,-2.3359532,-1.4812028,4.7531238,-3.5139244,4.8868504,-3.1990805,-4.0034876,-3.0764894,-1.7740743,3.2818415,1.637537,0.3531298,-6.4739017,-2.8181775,1.2689605,-1.3591548,-6.9279885,-3.9213524,0.43212083,3.379789,2.3746428,2.5757926,1.5550011,-1.4577569,-5.1987057,-3.2871299,pop
-20.901945,83.24167,5.0469604,16.370789,9.402539,-0.5629183,4.051513,6.209602,9.122195,5.865447,-3.5055273,-0.63873327,-3.1722696,1.5466727,-0.91755396,-2.9599605,-1.3302047,-0.86938787,0.6923023,-1.7670423,-3.9677658,-2.1228561,5.856614,1.258193,-1.665329,0.00041576658,-1.7478718,-5.0843444,-0.90251553,-0.016142583,-1.8608886,0.049342778,-1.3172325,-1.0645307,-4.562999,-1.2339187,-0.12712716,-2.666626,-1.5208656,-0.5876796,pop
-113.61812,90.01456,-5.5413437,25.595474,2.6011498,3.1922522,1.1311811,6.1437182,2.78938,-1.8761603,-7.119991,-3.441792,-5.9110045,-4.3507495,-4.946462,-4.3801026,-3.3122668,-5.4329095,-0.570475,-2.1802385,-4.2980146,-4.6733212,-7.9007654,-3.1285386,-0.3860372,1.3975494,-2.3544283,-3.9784117,2.0078166,2.176894,-5.8386183,-6.9284434,-6.620697,-2.4648087,0.4117925,-0.5725539,1.232396,0.84005946,-1.481136,-2.9839427,pop
-169.15085,94.640785,24.504723,27.41387,11.641731,14.895841,4.234472,12.369024,10.702795,5.126413,-0.34236664,1.2547649,-4.157589,-3.1358938,0.2985334,-3.551203,-2.8172486,-5.7609015,-5.2082133,-0.0984023,0.61553353,-4.4488554,-2.204504,-2.1343307,-3.7001462,-2.1322556,0.4484869,-3.9577441,-2.1690614,-4.4637775,-6.4714346,1.159224,-2.0488741,0.16946004,-0.054878708,-1.3618935,1.4662366,-2.395387,-2.3580446,0.54481614,pop
-224.45636,107.30909,-1.5683284,13.870831,8.123952,-9.378748,8.120475,9.294033,9.099869,6.025224,-6.6545024,2.0728164,6.2020764,8.332799,7.5784698,2.0672486,4.555451,1.2218056,-1.6407906,-3.7163208,-6.9076514,0.0011170567,8.1702385,5.1350884,3.0270162,0.026242755,-7.011424,-7.050316,-4.8376427,4.538339,9.688576,0.5543394,-2.762489,-0.4540666,1.5757002,-0.94121915,-1.7495488,-1.1112313,-3.4267044,-8.557765,pop
-52.448246,74.022064,12.697417,24.500345,21.107903,1.9049276,6.796557,4.7199597,8.40647,8.246997,-2.2676544,-1.2025366,-2.6778097,0.2613352,-1.0678633,-0.84624255,-1.2573467,-2.3307621,3.8170018,0.3045908,-5.2150826,0.09052355,4.795385,0.20342286,-2.7230873,-2.256295,-4.595446,-4.893973,0.24464813,-3.352132,-2.9668238,1.0246977,3.3638961,0.20956388,-1.1692888,-1.0173011,-3.9716446,-4.8364773,0.9403144,3.2997963,pop
-35.297348,61.247242,14.059667,28.661287,4.3299875,-1.3499213,-0.790413,5.12254,5.3524,1.2215204,-7.2570734,-0.5168179,0.21715888,-1.2905804,-0.10900879,-1.2562847,-2.5358107,0.57109964,1.5749441,-1.7193333,-1.0839823,-1.4009686,-2.034983,-1.0967015,1.6330695,0.87540257,-0.5838733,-1.3346612,-1.0698057,2.7881603,-1.6959459,-2.6848068,0.45940468,-1.9241749,0.5943928,-2.106528,-3.9430435,-0.35599017,0.41112044,-1.3909782,pop
-111.13056,103.09619,10.90997,34.348927,22.34365,17.868382,6.8071394,6.333683,5.488653,0.6188138,0.3394002,3.8250778,2.044204,-5.5212603,1.2078164,0.39954314,0.33297706,1.6744769,-4.0542765,-6.40583,-1.5726225,0.51705384,-0.4967006,-2.8062537,-1.6574707,0.13653323,-0.18543355,-5.1940207,-7.77039,-2.8988507,1.774942,0.99037546,1.0604099,-4.8532815,-6.48403,-4.792123,-3.005469,-0.25711122,-1.1969329,-0.4131112,pop
-240.68593,97.109665,0.40661877,-0.26895458,-10.478993,-15.741312,1.3906444,-17.873802,-9.089088,-8.767288,-14.260694,-5.5017834,-8.3689575,-9.316447,-3.1734798,1.7531857,1.5742668,5.622142,4.966923,3.7379045,-1.9238795,-4.2850685,4.022152,-0.82476646,-1.3624755,-1.9969648,-2.4241712,-3.3146625,-2.0071313,2.634519,8.973503,4.270897,0.97757494,2.5435913,3.1451294,1.2170795,1.2422931,4.4936595,0.7214964,-0.4457559,pop
-50.85386,80.22757,-9.293903,20.294153,12.106113,6.7842712,6.279613,3.4291553,-3.9568374,2.5745726,-5.706396,0.4841114,-0.57195306,-0.584275,-3.3943574,-6.79263,-5.5263543,-1.632335,-1.6056237,-1.5018029,2.099169,-1.6588547,-2.4936373,-2.6719885,-3.610273,-2.242014,0.6849085,-2.5882149,-4.660033,-2.2056596,-2.137743,-3.4847174,-3.6064007,-4.3150935,-4.3459163,-3.5163038,-1.0880961,0.1266195,-0.5708003,1.4539517,pop
-161.65413,85.566696,53.275494,32.21721,27.19544,11.300175,7.8961716,8.764694,1.2665906,13.211441,0.06758907,4.8267465,3.103613,2.346416,3.6764767,-2.8747072,-2.6143231,-3.1520007,-1.1912892,-1.4712898,-4.040293,-2.4567018,-0.68531257,0.29155985,2.2491634,1.6087272,4.769225,0.12221392,0.07756586,-1.8598266,0.25589934,1.2653282,-0.09876546,-5.402614,-4.0290074,-4.5381994,-2.549306,-1.2720189,-0.762009,0.88872117,pop
-135.32312,107.81954,-13.443976,19.0207,8.798831,12.496944,1.0323982,11.318428,2.5432127,1.2272973,-6.3917103,5.854486,2.88143,1.0215101,-1.7751945,-0.50232077,-1.0759585,-0.16349237,-0.89657074,-2.1383526,-3.954059,-2.0471215,0.2122031,-2.0377033,-1.085028,-2.0639617,-0.16489547,0.29027182,-1.0705537,-0.65529823,-0.7300713,-1.4611459,-1.895772,0.78036535,-1.0502678,-2.1123636,-1.9696691,-2.3399363,-3.0720582,-2.9464197,pop
-45.75362,65.276146,12.941987,14.516027,7.0181103,4.4085183,6.6144414,3.298751,7.7367697,4.059378,3.6551008,2.6030385,4.055315,2.3974423,1.7854378,-2.3755164,-1.3446785,-2.8704054,-0.84292006,-2.5974782,-2.9058049,-1.8900254,-0.33850142,2.17733,1.1744584,1.1636099,0.59479207,1.9084246,1.09101,-1.6657757,-5.145767,-6.9522157,-3.2103496,-0.54324013,-1.610841,-1.0568472,-0.562034,-0.4162881,0.052639656,-1.0420452,pop
-97.0082,51.786003,18.738693,20.481663,5.6104527,3.5735023,5.5722895,0.73739463,7.3361273,1.6588529,-2.7012625,-0.44397426,-1.0818589,-3.45436,-2.4807754,-3.3093784,-2.2329962,-2.6434991,-2.74049,0.3115341,0.1245626,2.4904761,1.1349845,1.5200793,0.23322417,-1.2986115,-1.409967,-1.9083178,0.2301792,2.7285953,-2.2031949,-7.2383122,-4.1009097,-1.1433218,-2.6602519,-2.2200205,-3.5497944,-2.602821,-1.2883731,-2.9333334,pop
-53.12336,78.31344,2.246954,18.838303,3.8645911,2.5142796,-3.7991865,6.814705,-0.81020474,8.754906,-4.8005247,-2.151995,1.2861207,-1.7439154,-1.9404191,-1.5876648,2.6303961,2.429557,4.024241,3.9174662,0.5506709,0.21163367,0.6071057,0.3522421,1.4735355,2.6049726,-0.85350996,-2.2770772,0.47944632,-0.30766556,-3.2532663,-2.200188,-1.6040514,0.044421595,-2.976282,-1.6123209,-0.24657859,0.8729971,0.43390888,-1.0614253,pop
-48.958145,62.637794,34.22583,12.313788,16.560747,8.622409,8.7671175,5.2450123,6.79424,9.059275,-4.0853252,-0.7463065,-0.37564674,-0.47257915,0.64663434,1.7050617,1.3546007,1.9141525,3.843488,1.6038547,0.40306416,3.7161884,4.0300107,3.8944998,1.9639544,0.3590084,1.3002366,3.626966,3.365941,-0.10825748,-1.8885105,1.5275552,6.0148473,5.7982855,1.2639489,0.44088113,-2.6486533,-1.2080103,-2.093154,-0.25792587,pop
-25.156342,70.818924,2.9392478,7.5544662,1.4596193,2.8461227,1.9075499,-6.8259797,0.291451,-1.9537076,-6.6516356,-0.24398105,-0.7550278,-4.249934,-2.4407938,-5.6814713,-1.5769206,0.6693618,1.6911362,0.78813845,0.5971781,-0.20896576,2.9604464,3.3254368,5.0408435,2.453335,-0.73641133,0.40370438,4.636586,1.3977463,-7.1596355,-4.864392,0.5137709,1.6924245,1.2902312,0.3768832,-0.9045265,-1.0290087,-2.0722005,-1.8047336,pop
13.536641,58.196354,-2.2051022,5.008136,8.07077,-0.4792645,4.1051793,2.2589247,4.2934737,3.5860925,-0.5052726,2.4214692,1.8804909,2.1731513,1.9396269,-0.17357272,-0.6167383,0.75454974,0.73560923,2.0239272,2.2441058,-1.2524014,0.5775286,1.7863094,1.0099818,-0.74629724,-2.6988478,-2.3145583,0.4862626,-2.8049507,-4.930315,-1.6097223,-1.0573103,-1.0775067,-1.6733954,0.27043828,-2.817098,-2.9980917,-0.18463115,-0.15218522,pop
-23.23011,53.819168,-0.69001114,14.726739,4.8718457,6.730589,4.84588,4.9450912,4.264521,3.110258,2.549565,2.9879477,4.6363297,2.8481328,2.1776063,1.0669053,-0.47156635,0.38901883,-1.1717293,0.54775625,2.2128768,-0.2596166,-0.21081425,0.45273724,-0.15134205,0.24689573,-0.5759738,0.2866364,1.0871849,-2.723988,-3.7602773,-0.13105996,-0.81808794,0.20274088,-1.0038916,-1.098809,-1.7321802,-2.842776,-0.30130917,-0.43239632,pop
-45.71781,65.287415,12.934513,14.516592,7.038324,4.395021,6.6337786,3.301898,7.7297864,4.070035,3.6681185,2.606271,4.049002,2.3892908,1.7840556,-2.3934216,-1.3437685,-2.8735754,-0.84610224,-2.5911918,-2.903332,-1.8916305,-0.3522754,2.1630046,1.1789515,1.1600965,0.5976329,1.8917426,1.0746855,-1.6620266,-5.128803,-6.949243,-3.2160795,-0.55225617,-1.6059026,-1.0635005,-0.55748683,-0.4209576,0.066863656,-1.012107,pop
-44.287426,51.327915,24.990486,12.160306,10.873074,7.6120863,8.21147,-0.7733295,5.946744,4.7616363,-2.5084326,1.3215402,-1.946599,-0.4463359,0.23645823,-2.0033765,-1.9639544,-1.0339814,0.51590186,-0.3859591,-1.776642,0.04227979,1.2609059,1.9949967,0.763442,1.6314888,1.572137,1.5490636,0.5094006,-1.8029782,-4.175537,-0.8201691,-0.23274142,0.43002295,-1.4852221,-2.61966,-1.4675128,-0.11657578,0.44388905,-1.2034144,pop
-40.830166,61.521126,9.867294,10.09655,8.454963,5.366854,8.376651,3.5050008,8.251043,5.8800583,-0.10423888,-0.5703609,0.55144536,-1.9820309,1.9155515,0.07612808,-1.2709843,1.2328516,1.4938198,0.95021844,0.9181939,-0.8914871,0.6318137,-0.6372712,-1.1244413,-1.7782445,-0.26185325,1.2304114,-0.27102563,-3.1023228,-1.6112306,1.810398,1.5774553,-0.40250126,-2.1247444,-2.9400568,-2.014351,-2.0726485,-2.3357306,-2.6813028,pop
-106.83286,81.01405,47.822872,13.640558,13.000602,6.8951917,7.581348,-2.6333249,-2.4983122,1.8714978,-5.139433,-2.7431228,-3.6675773,-7.882551,-4.80721,-6.3778176,-7.399428,-4.7401643,-0.13400179,-2.332678,-4.8522577,-2.8463047,-2.7038074,0.017439,-1.1864378,0.21206121,-0.47502953,-0.78724664,-1.1812034,-1.571478,-3.851688,-5.567878,-1.818537,2.3103771,1.3267502,0.5424515,-0.87642354,-1.8604852,-4.5451803,-3.2579508,pop
-73.36742,97.46428,16.87055,-0.5790378,7.180089,4.872417,0.7465055,-5.5500164,0.9903747,4.9166174,-5.8354435,-4.9214163,-0.03095654,-3.0463636,-0.15896805,-2.3810003,0.72344434,0.6828561,1.9683635,0.80376273,-4.2446303,-4.249106,-1.6030303,-0.12453342,2.1667092,1.532043,0.7750106,3.3972723,-0.069890544,-4.8412166,-7.251771,-3.4458408,2.4654055,3.0086641,-0.5598075,-1.3052944,-2.4749086,-1.3134826,-0.59037524,-1.5420347,pop
-75.36613,83.33488,10.703896,14.455102,14.244521,7.4102573,5.279713,-0.4001258,5.7177567,3.3618035,-2.521102,-4.227081,-1.8455223,-5.9079537,-1.2724807,-3.7835543,-2.864618,-0.9353352,-1.1115845,-2.7214704,-4.1429124,-0.56792814,2.512838,1.8625326,2.0099347,2.5866513,-1.2616488,-4.426209,-2.674098,0.88244987,1.2548133,-2.902264,-4.59761,-2.5212264,-0.81982327,0.40172037,-0.5499486,-2.2386687,-0.30908775,-2.1924663,pop
-45.638737,74.70451,15.98023,14.800469,8.992414,8.204231,5.6863494,5.254493,5.396809,2.4352226,0.779439,1.1747063,-2.359165,-2.9500177,-2.5942533,-2.703076,-1.5022326,1.5619367,1.6137365,-0.013135739,-0.902869,-0.59004533,2.176602,1.9734992,-0.86702543,-3.2157357,-5.528174,-1.2044407,0.5602786,-0.37102112,-4.5093627,-6.54307,-0.28435764,3.1960828,1.1999474,-0.14774469,-1.8213514,-2.0298471,-1.614698,-3.886025,pop
-40.52484,73.47652,22.62272,12.355103,14.860799,8.946286,5.305813,9.025768,2.0851216,4.3038497,-3.1314619,1.8446423,2.0324934,1.3936076,4.1242695,-0.35411486,-0.7509658,1.1585398,0.7373188,-0.043280337,-0.84889096,1.0621644,2.3120604,4.4135313,1.9479221,2.3732374,2.711033,-0.018423654,-2.8263464,-4.9229164,-0.93236464,2.438834,1.4966277,0.029168427,-2.7944434,-2.0926628,-2.3590193,-3.575916,-3.3908594,-2.594394,pop
-18.171194,72.29644,-4.867231,-0.35958102,1.6975715,-0.9182093,-1.3221729,-0.34197298,0.647323,-0.18098038,-1.2175112,-1.0574639,2.5195053,1.2472867,1.7523707,-3.4429796,0.39454,-0.85250145,0.9242998,1.6602957,-1.2912595,-0.30742058,1.582022,4.4153523,3.4362907,1.1173043,0.9169733,-1.3545032,-1.5260104,-3.2701042,1.2946905,1.2907963,0.5801812,-2.4375598,-2.159715,-0.43637756,0.82277864,0.8780665,-0.45350218,-0.63282317,pop
-18.854591,71.32852,-3.743232,-1.3965917,0.7103475,-1.0491369,-1.0524067,-0.24947147,0.62396353,0.42929918,-1.4892839,-1.0790832,2.415428,1.2472486,0.97181076,-3.58823,0.8917519,-0.49628252,0.7083632,1.6725211,-1.5010633,-0.46859694,1.4740162,4.210224,3.231477,0.92874694,1.1270922,-0.9241369,-1.5344423,-3.6202698,0.9501028,1.5093096,0.3052606,-2.64545,-2.079807,-0.040386625,0.7594408,0.25618553,-0.59532356,-0.26883033,pop
-113.1695,41.588142,21.516308,11.092116,17.440653,0.6074316,3.0293286,0.08450882,3.4569807,0.29064023,0.61601543,1.2555637,2.8942456,-0.7695475,0.22040617,-1.4086616,-0.7604616,-0.8702321,-1.5392061,1.0672659,0.540765,0.41976315,2.252789,2.904757,1.8015662,-0.42290995,0.4014443,0.3640412,0.21586,-3.3554773,-3.2566996,-0.5716582,1.6998459,0.6789733,-1.1105545,-1.0210879,-0.14798336,-0.51082695,-1.5359592,-2.561666,pop
-69.00193,73.77,-12.468982,9.536624,-0.045610458,12.718271,3.1650596,-0.08465784,2.5223582,2.8746746,-1.6729779,-3.025172,1.6149282,1.0892638,0.93438625,-0.4162729,-1.2382098,-0.75765777,-1.7046671,-1.0437557,-1.2174535,-3.0789855,-2.123652,-0.8493726,-1.1931769,-1.2698835,1.5969616,1.489881,0.060751192,-3.1827,-4.3588223,-2.0421615,-0.48380947,-1.0159708,-0.96845835,-1.243653,-1.7904408,-0.8257994,0.17869063,1.5353178,pop
-59.58959,77.30938,26.367233,3.1743205,6.7570415,-0.0642541,-0.6247924,-0.69048345,4.141959,-0.44033718,-4.541956,-3.5614958,-2.2030644,-3.5575004,0.261794,-4.6726303,-4.604198,-3.7405696,-1.3851972,-0.84536755,-0.12557516,1.406404,-0.7834178,-1.8434064,-3.1490455,-3.3282385,-1.6666263,-3.751291,-1.9817388,0.4522836,2.1577435,-0.76857394,-2.6130579,-4.4809237,-3.957674,-3.4195817,-2.705703,-0.92086667,-0.23463698,0.48519674,pop
24.46663,68.96242,-4.2113004,-1.032618,5.249467,2.9858522,4.336798,4.2872887,6.422605,3.6307845,0.11548249,-0.00023514124,2.0697718,1.5497289,3.999015,2.8162687,2.1994698,1.5773796,-0.4722059,0.52484757,1.3164566,2.2574306,1.613692,2.6386957,0.53332406,-1.2232183,-2.272854,-0.35203335,2.6982868,-0.89179,-3.790946,-2.3535132,-0.32038,0.75609225,-1.1667492,-1.481389,-1.7302643,-3.1474078,-3.2109315,-2.204112,pop
-44.214016,76.17581,22.921127,16.816141,22.99891,3.2665925,6.908667,0.10313878,6.4956765,6.542089,0.8544856,2.7243903,4.5169544,2.854357,1.3195446,1.7970861,0.37682888,-1.1220286,-0.43784982,1.5700189,0.104428105,1.6448184,1.8159125,2.0803401,-1.1033096,0.49845257,-1.062096,2.168002,0.5717223,-1.124153,-1.426646,-0.77486354,-1.3238568,0.56825536,-3.0638113,-1.8806523,-1.1437013,-2.927481,-0.93810683,0.5799837,pop
4.8043222,64.50391,-2.501273,10.4194975,3.2420893,7.8209686,3.101567,1.405526,6.745003,4.884832,3.2736435,1.7477711,3.3316636,2.3504841,1.4266739,-0.6054887,-2.1835034,-1.6002753,-0.6110449,-4.0513687,-2.903019,-1.7545056,-2.4812944,0.7513636,0.16351068,0.658065,-0.35024232,1.0560355,-0.035049226,-2.6705627,-3.2587204,-4.876183,-2.127796,-1.0353588,-1.5401773,-0.7193416,-1.600139,-0.9879887,-0.09702081,-2.2886257,pop
-15.679175,59.269085,-1.5834023,12.570526,8.758745,3.9658682,2.0486033,4.2323008,4.989132,2.9016716,2.327089,1.9943118,1.7193478,-1.5517665,-0.620159,0.29138064,-0.0029854316,2.7568064,2.2938929,0.05696992,-0.028101115,0.17256665,0.5873194,-0.07648187,-1.0390208,-1.6068063,-2.6254249,-2.1476974,-5.689661,-6.534775,-2.2245843,-0.42180347,-2.5813344,-4.7276554,-4.206382,-3.863635,-3.1790302,-1.9887935,-3.4593925,-4.2979603,pop
-19.479713,51.92009,37.00408,13.1163845,14.590094,3.207625,15.297412,-0.7794647,7.2424235,10.393447,-0.37440062,6.2307696,-1.1885155,-2.1225436,-1.5674965,-0.76546293,0.032623857,2.834659,0.82377,1.8658277,0.5082098,0.48587736,5.114098,1.8195406,-2.0355797,-0.2874735,-3.4018774,3.763749,3.1600018,-1.5025946,-3.4174922,-2.4389827,1.2427206,3.199579,0.013677662,-1.1358156,-3.1180685,-5.850702,-4.486877,0.28985384,pop
-76.91657,113.29569,-6.219377,19.94625,15.115961,-3.2893815,4.7895107,1.0169308,2.2929256,-0.011468444,-3.7627332,4.241214,2.2863305,-2.9218853,4.5193353,3.4273293,-0.5341386,-0.5602079,0.6277449,-2.010713,-2.5906377,-0.6349645,3.9381282,-0.34980372,-3.2386107,-3.409053,-2.0550373,-2.3116908,-2.7427409,6.480453,2.5749536,-4.7288814,-4.9294147,-2.5302372,-3.704861,-4.7384133,-3.3360255,-1.6228445,-2.2513733,-3.4870968,pop
-204.75298,101.60512,26.384224,9.1857195,10.460928,5.108919,-9.447198,9.308317,-12.491376,-2.496669,6.212447,-9.488957,-2.5600328,-9.048957,-10.187873,-4.0442524,-7.7497845,-5.138517,-1.8299532,-4.416521,-6.550815,0.22764196,0.8878836,2.5589426,-1.1651144,2.0731966,1.073095,-6.2757773,-1.2440935,2.4547677,2.0274353,-0.9480371,-4.326614,-8.033219,-4.885162,0.95961267,-2.7602735,-3.4286113,-1.6141096,0.5151745,pop
-37.071033,68.84186,10.511309,23.959776,15.370536,3.547914,11.677659,2.9124515,2.5459218,4.7503414,-1.5888675,2.5664659,-1.0170679,-1.6613679,0.489345,-2.8281734,-3.4125834,-4.1028423,-4.2148557,1.1007028,0.8925124,1.1784142,4.8741145,0.9433776,-1.9054562,-2.2577856,-3.3323426,0.29379764,0.47015533,-3.564153,-4.094006,1.0919249,3.779158,0.30271217,-3.4954324,-3.4247406,-0.91856,-0.03250141,-2.134445,-4.156539,pop
-50.890957,68.04223,12.082594,36.314426,8.646877,19.502785,10.722351,12.312874,1.6614348,10.164873,4.8397875,1.6969053,2.731236,3.1664689,2.462058,1.4162686,1.0564289,1.8941798,2.2652884,2.4275951,1.7637677,-1.5979444,-0.53456855,0.64652,2.4855032,2.4086916,-0.69126904,-3.5525072,-2.4515095,1.3491589,0.44760284,-1.3858467,-3.1487103,-2.0110705,-2.009277,-0.9503072,0.75978464,1.0396397,-0.09556424,-1.17343,pop
-47.93828,54.159214,-4.005042,21.512901,13.886649,6.003954,13.75534,1.0669996,6.722088,6.232228,1.6225083,0.45345965,2.414838,-5.5971346,0.30466762,-1.0046958,0.6401352,1.2582229,2.0810168,3.0324845,1.3652906,-3.4110458,1.4363458,0.92324615,-1.3606228,-1.7582036,-4.261572,-2.40867,2.1061702,-2.5247962,-4.9150567,-3.9451025,-2.1788247,-0.84182656,-0.9441792,-3.0752115,-3.6007764,-2.6316118,-4.650247,-5.1624565,pop
-71.61501,81.12124,16.355663,8.950534,13.818387,-0.7371725,12.522271,-0.63937044,3.043049,3.0547535,-3.2121913,-1.3185769,-0.64025843,-4.0062227,-0.9454737,1.9157288,3.5294614,5.9878035,6.0908732,2.567977,0.6889319,-0.70464313,-1.5774604,-0.50797904,-2.0164251,-2.869663,-2.8486571,-1.2103364,-0.8961658,-3.7454183,-0.52402824,0.14871116,-0.66212857,-0.621904,-1.7665012,-1.8648161,-0.9676927,-3.373375,-6.828075,-1.3855207,pop
-72.17291,81.3121,16.72972,8.680574,14.163569,-1.0486612,12.839069,-0.5343492,3.1377692,3.1529665,-3.4740798,-1.1388,-0.68516254,-3.9981558,-1.0880299,1.7791657,3.4944952,5.9058084,6.3410254,2.4415286,0.5340694,-0.6742136,-1.6011324,-0.5012509,-2.2019558,-2.9110081,-2.9483697,-1.221845,-0.66027933,-3.856428,-0.44122937,0.122396655,-0.733448,-0.40673527,-1.9588903,-1.7933975,-0.8616896,-3.549903,-6.887609,-1.5579966,pop
-45.064255,69.78576,11.866148,8.177108,12.603081,7.750251,11.3099985,0.25850758,9.659319,2.803888,3.8585238,-0.8353045,2.1194327,1.1247411,0.0074641933,0.7613852,-1.4808842,3.656361,4.4588914,4.1998005,-2.2190003,-2.486786,1.526335,2.5418444,-0.18576731,0.45052317,-1.056741,-0.88334507,1.3339727,0.3079393,-2.1333182,-3.0567234,1.0976934,1.7962216,1.8843136,1.7436401,3.4243577,2.5160818,-1.1071403,-3.4630992,pop
-52.64915,47.78274,13.455156,2.2134273,13.251046,9.133875,14.447654,0.8738371,9.459656,7.004077,-0.6928578,1.7276204,8.496528,6.9274364,3.1864774,2.2743256,-0.8961154,2.031985,2.2780228,3.4661896,-0.50547236,1.3209106,0.37583843,3.5985255,1.6717594,4.0107646,-0.25019756,1.122332,-0.35684678,0.7875306,-0.9338878,-0.5828488,-3.4837117,0.097015284,1.4907281,2.458388,1.0979421,1.3522859,1.0951902,1.6035424,pop
-170.92262,105.92537,31.060646,22.226055,12.8146105,-5.1669707,11.2371025,-2.1054716,-0.1724929,5.0788264,-11.54121,-3.6240704,1.3911014,-6.6363354,-2.4310408,-7.377177,-2.5536122,-1.7130773,-6.1377354,5.067965,-0.5295649,-2.0087495,2.5881069,-1.6612988,1.7991772,1.8240321,1.3665526,-3.3788056,-1.152036,2.8462832,2.154894,0.20503202,-4.418531,-2.161362,0.6814702,2.0002105,3.1217506,2.8313723,2.6279395,-1.8984959,pop
-78.1925,65.99214,24.578516,25.652824,13.854882,3.6000478,16.225538,0.592554,3.3257754,4.16047,2.7126958,3.649891,1.3959066,2.0099125,-1.8058223,-3.9544833,-0.9509978,-1.0149827,-0.46333385,-0.74938136,-2.2366567,-3.2482018,-2.6563709,-1.4681784,-0.11063165,2.536492,3.2919786,-0.7455393,1.0668522,-0.21154998,1.854716,-0.38504398,-1.5406885,-0.20035024,-3.0471494,-1.7035764,-1.5964265,-0.18460648,-1.4800272,-1.8688958,pop
-14.170114,44.39024,12.680575,10.152087,11.2593,3.9758954,12.507779,-2.1717224,10.70504,2.2852633,5.0335593,-0.86626536,3.80587,1.6627513,1.504286,-0.19028264,-1.0201591,4.782086,4.863109,3.05332,-2.1914766,-0.09400175,2.4056692,2.4926744,0.4482902,0.272182,-1.6798776,-0.3285013,-0.23808748,-1.7124039,-3.0758584,-1.8189865,1.5824878,1.5789928,1.3499416,0.94118375,2.3331099,0.6267686,-2.257873,-2.2301865,pop
-39.98735,35.583214,8.9385,15.082217,15.206814,10.572661,21.824984,10.004446,13.9735,16.557459,1.4647634,3.263563,0.062112153,0.9717617,7.650401,7.642752,9.415579,6.5875235,1.1903111,-0.64523584,-1.9244963,0.666124,4.959876,0.045709662,-4.875823,-3.3476834,-0.21135283,0.7260382,0.92935437,0.13261805,-0.7950723,-1.6040685,-4.228792,-4.508118,-1.5669504,0.2503759,-4.0950947,-5.006717,-3.0846567,-2.6069608,pop
-145.92575,62.53524,-23.114868,-18.786009,-14.782013,-28.421492,3.1344163,-24.940002,-13.637032,-4.6073895,-24.383533,-15.806172,-17.455078,-11.709296,-8.264144,-13.850937,-9.910087,-11.985029,-5.035616,-2.9024737,0.10318211,-2.8737884,-3.0958912,-1.5041473,0.09184487,5.6120596,-0.92150915,1.6140957,6.300192,2.1030943,-3.7893164,0.9323065,-1.9390308,1.39446,0.77055544,0.7252423,1.4472417,1.4214135,3.1138828,1.2237711,pop
-46.703014,55.877514,26.12021,16.543205,7.104528,-3.326687,9.25601,-0.87159336,8.313573,7.1481004,-0.538722,1.7517585,-1.8377472,5.196832,-3.1105437,-0.8630542,-3.8621147,-2.3494835,-0.22604822,2.2205696,3.2667522,1.6388747,3.1010668,3.2916045,1.5154202,5.37558,3.8749664,0.4745816,3.2827563,-5.3176174,-4.8082867,-3.781197,-0.05911993,2.2096658,-0.047324166,0.5486374,-2.10682,0.364834,-0.33628178,-4.5517426,pop
-56.091187,36.468166,11.94532,-6.4417515,3.7781627,5.284157,3.3947845,4.2650976,7.9939175,5.8644285,1.5971135,4.86139,0.49247724,2.506001,0.27597904,-2.5915582,-1.4281116,-1.8711603,-5.3898835,-4.313989,-1.8613011,-0.8987099,4.9252887,6.8319755,7.1914086,7.975937,4.030767,3.0692704,4.756438,3.0134528,-1.3914355,2.1412818,1.0180725,-0.29491988,-0.5320075,-1.1795609,-1.5215735,-2.6490705,-4.224324,-4.525015,pop
-80.396324,35.962517,20.407267,26.376535,17.379704,4.580236,13.489165,3.6187565,7.3240743,5.479913,3.9538543,5.3136964,3.534632,0.5135291,0.1883031,-1.1251198,3.5296657,1.4410526,0.4726653,-1.797736,-3.0200272,2.5516937,6.686735,3.7785146,1.5782658,1.8955683,-0.46220696,0.38717246,2.3129947,-2.6917756,-1.3976876,4.403372,7.594852,6.5137095,2.7321692,0.49460992,-3.0488787,-3.4942253,0.60001147,-0.56825846,pop
-39.69138,33.951675,9.604388,16.657578,14.906162,11.198782,21.502827,9.886201,14.732349,15.628255,2.0403948,2.579496,0.3572856,1.6512009,6.9411736,8.237751,9.367545,6.9661984,1.496738,-1.1285765,-1.6326351,0.7552874,5.3693914,0.25257435,-5.2310266,-3.6292667,-0.42389002,0.8172628,0.8187702,0.59620935,-0.48431608,-1.5677117,-4.2972627,-5.160139,-1.8101058,0.2106567,-3.9727318,-4.7178807,-3.7710981,-2.8603141,pop
-87.723495,64.30925,-12.976586,16.032644,0.48616603,0.4070949,4.431545,-2.7237473,-0.3093248,-0.049745258,-5.929299,-4.269969,-3.5097022,-4.6309357,-4.0938272,-3.3208756,0.21073724,2.7040021,2.4902892,0.21650152,-5.192402,-5.1216226,0.3193247,4.3951025,3.2724988,3.999909,1.0650824,-2.9952881,-4.7689795,-2.3087363,1.1608099,-0.032843623,-3.2521436,-1.8954161,-0.91141945,-0.89465576,-0.76889956,-1.0604368,0.6988193,-2.7412155,pop
-77.94189,32.364952,20.077257,27.633484,16.262774,5.319164,13.481539,3.5032268,7.344144,5.271802,4.0011973,5.271229,3.752625,0.78147995,0.40025997,-0.7132615,3.0644116,1.4034705,0.54593104,-1.9002223,-2.6694975,2.7081523,6.4885917,4.143835,1.7603284,1.7189482,-0.20058905,0.49775645,1.9817262,-2.534723,-1.4968386,4.331538,7.915819,6.6340604,3.146023,0.31386083,-3.187387,-3.3161697,0.35292265,-0.6215221,pop
-46.703014,55.877514,26.12021,16.543205,7.104528,-3.326687,9.25601,-0.87159336,8.313573,7.1481004,-0.538722,1.7517585,-1.8377472,5.196832,-3.1105437,-0.8630542,-3.8621147,-2.3494835,-0.22604822,2.2205696,3.2667522,1.6388747,3.1010668,3.2916045,1.5154202,5.37558,3.8749664,0.4745816,3.2827563,-5.3176174,-4.8082867,-3.781197,-0.05911993,2.2096658,-0.047324166,0.5486374,-2.10682,0.364834,-0.33628178,-4.5517426,pop
-65.18545,65.47451,4.1277475,32.742474,16.918562,-5.8376946,14.960992,-0.24383582,9.038335,8.441269,-6.576153,-4.4843636,-2.6280582,3.454899,1.6005542,-0.697875,3.2031765,1.0458927,-1.1681348,-4.7221947,-0.0042832317,0.78820735,3.4686563,4.6461034,2.8855956,5.951989,3.955193,1.9370182,4.2484465,5.0954823,1.6244029,1.7104441,0.6271694,2.4300845,2.674302,0.096512765,-0.9093386,-1.4260358,0.54088825,-1.4621187,pop
-6.92664,68.88017,3.7705872,28.195871,2.293225,13.625752,1.0469884,6.004647,2.750496,15.018392,-8.786577,0.7954419,-7.2196684,2.92449,0.56174994,11.366312,11.479182,14.17094,-0.9239,0.8095099,-10.703729,-3.0291579,-5.3705807,-3.1992211,-9.655387,-5.249478,-12.071178,0.7029986,0.42994684,0.28486222,-5.4525704,2.981995,6.342412,10.0746765,2.8314989,5.483166,-0.5914374,-1.0062718,-9.033165,1.1226081,pop
-125.98142,117.33393,-0.07229208,10.211122,4.49017,2.1888669,-3.6360846,3.3763404,1.7375194,4.5511193,0.8427298,2.4246018,-3.112575,-2.837452,-6.1066365,-5.2675734,-1.8156686,-3.2187061,1.2653751,5.800691,3.9977794,-1.7106675,-3.7709677,-4.18065,-2.5949483,-0.25273368,-1.8872176,-2.4792016,-2.6331878,-3.0537515,-4.1332006,-6.0750856,-3.947048,-2.951775,-3.6873965,-0.39998913,-0.086570665,-1.1340468,-1.2944716,-1.2109832,pop
-88.45125,34.333656,-11.282462,2.2004077,-4.858425,-6.127731,0.33107784,2.4401875,-8.17747,5.6359863,-9.394409,-7.359539,-3.9459164,2.3768632,1.2362299,10.805466,9.384404,5.292023,-2.9351192,-5.572682,-7.281448,-0.6970874,2.4787521,-3.3554747,-2.591051,-2.5925963,-3.3550406,0.74857163,-1.2305639,-1.9097916,-0.86043453,1.3911796,2.3144436,-0.49359205,-1.8652219,-1.79815,-0.29536283,-2.4357324,-1.1401014,-1.4278995,pop
-111.61652,85.579094,3.5153577,16.357471,2.2059445,5.980132,-5.0457573,-3.9625244,-0.09616854,1.5746028,-5.793351,-5.0871906,-0.20802823,-4.4117293,-0.77683455,1.5563339,0.36258024,0.57528263,-0.69262826,-1.8156011,-2.6746657,-3.2704594,-3.7829087,-5.408089,0.06674882,-5.6800766,-4.0919437,-1.9684025,-4.007035,-0.34741467,-1.6493872,-0.8151642,-1.2550678,1.263474,2.1999342,0.5259129,-1.0233197,1.0809162,0.41264215,-1.8968683,pop
-63.635056,79.045654,42.744022,16.09554,15.268361,10.789147,13.3115835,3.685729,4.928326,10.677057,-0.012671975,3.4803088,3.4220939,-2.4508333,0.8506413,-5.1205535,-4.299978,-1.5640299,-0.059282143,2.661999,5.2716246,1.8625149,1.7538061,3.224557,0.015560942,1.1365345,3.2663212,-2.6635156,-1.7848631,-1.8868351,0.25485963,0.7977189,-2.4882736,-2.889496,-1.8879224,-1.227607,-1.5982269,-2.1529765,0.062791556,2.4653585,pop
-52.537975,37.49602,14.12139,18.180311,16.782768,5.9580927,6.4324026,2.7082067,-0.44743854,3.2196102,-3.928455,1.5937504,0.29058224,-0.1601175,-0.5063943,-1.5440645,2.0738177,1.22488,4.5870175,1.6419145,0.2757808,2.7786498,1.4074104,2.2430563,2.1548145,2.0929415,-1.8242966,0.30345163,-0.5897493,0.38925326,-2.821342,-2.3931506,-0.30572504,1.97373,-1.426067,0.52233136,0.36639613,-3.1165392,-2.8777082,-1.1714956,pop
-29.26039,53.868725,-1.700224,15.506245,1.0880837,0.54396456,4.902141,-3.2225883,-1.6917725,2.2325523,-7.122959,-5.9894915,-2.9803963,-3.7967625,-4.8949075,-6.7240953,-0.41865265,-4.0128164,4.3791423,4.4604297,5.897533,3.7930632,3.1333778,-1.1900395,0.18147062,-0.12823066,-2.0689485,-0.5261364,-0.6386657,-0.4145856,-0.52434254,-3.8205907,-5.7340345,-0.75568044,1.3585459,-0.09744303,0.96809167,2.2924154,1.3783504,-0.24619125,pop
-30.211868,88.44852,-6.587008,32.785645,8.50026,8.3887,2.0425205,6.864184,3.5769942,2.7208421,1.2942762,3.290607,1.5695497,2.3794365,2.5250056,1.0964289,-1.5795057,-0.2644909,0.112851925,0.4211168,0.47582752,0.012633475,-2.3904235,-0.6656191,-2.718797,-1.2351267,-1.683547,-0.57744944,-0.67696905,-1.6292543,-3.3713923,-1.4723043,-2.6261656,-2.5518904,-1.4916009,-1.7768857,-2.4193687,-1.0097231,-1.1811303,2.4596272,pop
-91.85373,56.67415,13.763752,15.050706,0.9011202,-4.079192,-0.22235458,0.5639136,-4.60077,-2.6161904,-2.7612662,-3.0964155,1.7973814,-0.9524221,1.404723,0.92358816,1.0776355,0.9147185,3.2946672,0.21995427,-1.0510757,0.84679043,2.3577473,3.794228,3.3734097,2.9605377,3.2484233,1.8709991,-1.0321951,2.2704523,4.4296594,3.8464797,2.8382516,3.6054945,3.3615844,2.3754385,1.9223408,0.8445507,-0.09595161,1.2232666,pop
-52.537975,37.49602,14.12139,18.180311,16.782768,5.9580927,6.4324026,2.7082067,-0.44743854,3.2196102,-3.928455,1.5937504,0.29058224,-0.1601175,-0.5063943,-1.5440645,2.0738177,1.22488,4.5870175,1.6419145,0.2757808,2.7786498,1.4074104,2.2430563,2.1548145,2.0929415,-1.8242966,0.30345163,-0.5897493,0.38925326,-2.821342,-2.3931506,-0.30572504,1.97373,-1.426067,0.52233136,0.36639613,-3.1165392,-2.8777082,-1.1714956,pop
9.675075,88.82607,-20.29368,5.1013055,-2.917802,-0.18818092,0.3274819,1.6043208,-2.2592056,-0.94065106,-6.2122498,-2.9767897,-1.8151836,-0.31959984,-1.3413134,-1.6791986,-0.18654177,1.7162682,-0.132488,-3.901139,-3.5568461,-2.7162344,-1.132167,-1.4266403,-2.388858,-1.6579947,-2.4569933,-2.191713,-2.2777362,-3.727824,-4.911148,-3.8825123,-3.3123384,-4.192666,-2.4860754,-3.527019,-3.580439,-3.4499228,-2.4270258,-0.66723436,pop
-8.5313425,54.251755,20.96331,13.099079,9.721153,6.015052,10.720785,6.1021194,0.6942643,5.0023856,-3.4498136,0.87255687,-1.9390471,-2.7849798,-2.676201,-3.3184636,1.7050132,-0.14683868,4.848468,2.9080086,2.985267,2.53145,2.2511308,-0.6275736,2.8517425,3.7839847,-0.82008743,0.003555156,-1.9522524,-0.14864399,1.9493709,-0.9825488,-1.7790188,-0.87866116,0.1289962,0.89259493,1.4352807,3.2132528,0.3998707,-1.4086837,pop
-93.63922,59.69027,32.077377,13.127488,13.27032,-6.8693585,2.3390274,-7.8879848,2.2946646,4.4875836,-4.0405664,2.6735635,-3.0863955,-5.756003,-1.5233752,-1.1896893,-3.0514128,-1.0875479,2.3892708,4.7670994,1.7388684,1.0842744,2.7947164,-0.12774058,1.343917,0.09808886,-0.1402562,-1.0794612,0.17116655,0.73260975,0.537638,-4.2871766,-5.1761637,-2.137421,0.82471395,1.1889179,-1.0521951,-1.4620537,-0.12885366,-0.4179966,pop
-68.85472,40.457462,25.354525,35.768284,13.383127,2.82137,12.759582,4.4835453,3.3571875,10.026522,-2.3750987,2.9945147,-1.8024031,-3.378383,-1.5463306,-1.6591519,-3.5203817,1.3764957,2.0280373,1.5048237,-0.24632613,-0.66024745,3.055426,2.6145213,-0.15304187,1.1507871,-2.3577468,-2.2965934,-0.8833691,0.5644326,-0.1887394,-5.137809,-4.505071,-2.6915123,0.8800181,0.7144221,0.12904264,1.8379966,1.6784403,-0.45462325,pop
-38.288414,47.802376,20.052776,23.848087,19.795454,13.665192,14.684335,4.572097,7.7137046,8.956256,5.421002,1.1439084,1.0811883,4.386656,4.5840893,2.549877,-0.24593878,4.625784,3.0101738,-1.3092594,-4.885975,-4.3891206,-3.372591,-1.3136454,4.491097,4.2045274,2.5551617,2.899728,-0.036592845,1.4920919,4.484236,2.9472091,-1.5180649,-4.139571,-3.113552,-1.0123029,-1.1095759,2.339738,1.8094237,-0.92399746,pop
-34.209938,40.399307,17.510662,13.42147,13.240601,7.449265,18.183458,2.7254276,4.3396277,5.8252964,-1.1257579,3.1106064,2.4149976,-2.0906532,-1.285156,0.15344465,2.3362236,4.32972,2.137922,2.9388883,-0.38074392,-1.8905381,1.1161971,-2.517289,-1.2345483,1.1250073,-1.3642995,-1.615078,-2.2901018,-2.585292,-1.3712177,-0.35773087,-1.6534116,0.36285797,0.6159758,2.0025065,0.9717948,1.1021804,2.6546757,0.8574987,pop
-42.779434,62.799667,4.7602077,24.068392,9.642162,-1.888184,9.252786,-2.9691231,3.181562,5.9340043,-4.7737393,3.0194983,-1.2408,-3.524429,-0.3243883,-1.4424751,-1.8644704,-0.03190457,-0.73046863,-0.9891401,-0.4108711,-0.6415042,0.040516857,-0.18516465,0.7814665,-1.0662571,-2.0179226,-0.89470077,-0.69446903,-1.0430535,-0.80634594,-0.26803222,-0.22057533,1.7884797,1.3163459,0.17120352,-2.145615,-0.86542183,-1.6594801,-1.9598702,pop
-273.28632,103.147575,8.722427,31.6977,12.511967,3.4922655,3.9396508,-0.16230221,-3.921683,3.2304423,-6.373684,-1.5361916,-3.213047,-6.777504,-3.8153548,-6.2407227,-5.618338,-4.015953,-2.3887515,-3.0845282,-4.800521,-1.96864,-3.1561222,-3.7142968,-1.1831007,-0.37687877,-0.9469748,1.4962184,-0.1435886,-2.9615755,-6.288074,-7.685354,-5.98023,-4.187774,-4.26426,-2.5629833,-2.8850577,-1.9934841,-1.9441922,-3.628842,pop
-44.972015,69.76533,11.851114,8.137467,12.62307,7.7987547,11.307399,0.19175664,9.630409,2.8426685,3.8571951,-0.83266294,2.1378024,1.0925361,-0.06844653,0.64883536,-1.4783102,3.7229261,4.547461,4.263486,-2.2523468,-2.6045609,1.4590442,2.5687165,-0.17223842,0.44675723,-1.1259804,-0.9034728,1.329375,0.24710187,-2.1842363,-3.0684602,1.1571872,1.833397,1.9091011,1.7635963,3.401479,2.473002,-1.0851761,-3.437578,pop
-137.73311,100.24318,14.383044,15.403811,2.3205361,-1.0818115,-2.1069715,-1.6870853,-5.3112006,-1.7847022,1.7484086,-6.1835394,-3.0364275,-9.783618,-6.6642985,-3.9666078,-10.177887,-2.9706817,-3.5730906,-0.64770293,-2.8179855,0.7518148,-2.1157272,-3.8691776,-0.6367995,-0.6416401,-2.7184598,-2.0062296,-5.168112,-2.1809587,-4.991102,0.96600604,0.14825095,-0.20401724,-0.65889764,-0.8695559,-2.301515,2.3731,0.88301694,3.6176047,pop
-62.043816,64.239815,29.874727,23.24483,16.247189,7.4384794,8.871021,6.4075446,7.3948207,3.0163872,1.4878421,2.9757106,1.8600913,0.54326206,-0.3301238,0.8136626,1.2980133,1.1867973,0.8605457,0.09585137,-0.33801892,-1.8057011,-1.9429712,-2.7189617,-3.6064157,-3.0004158,-3.3253438,-3.179163,0.7172776,0.60575944,-0.15398411,-3.4448173,-2.0230343,-4.0955563,-3.0268831,-3.5279062,-3.7776046,-3.3402224,-4.187371,-1.920197,pop
-104.47532,86.85541,28.76275,26.635527,8.927457,5.6745653,7.75928,0.46634582,6.630064,6.5633116,0.37748346,2.148852,-0.019938136,-0.36272928,1.3109477,1.3177943,1.9381652,1.2264539,-0.124145836,0.84053755,-1.3011158,0.1787553,2.6040401,3.0668576,-1.9374675,-1.2435675,-2.1054397,-0.016373625,-0.13233851,-2.8644907,-3.2971742,-1.518512,0.6494534,1.7217602,-1.1975547,-1.1677526,-1.4195895,-1.1920382,-2.2862608,-5.440255,pop
-112.395996,59.759735,14.483949,19.190071,15.127423,-3.2115033,6.109609,-6.668194,1.4637219,-1.187687,-1.2330449,-0.7587417,1.884327,-0.69078654,-2.29969,-3.4926953,-3.891752,-3.3886583,-2.431167,-2.089299,-2.2097518,-3.8902981,1.6486174,4.1141872,3.8329813,4.4305882,-1.7009455,0.024318635,0.3865929,2.0112047,-1.0336636,-0.25523484,-0.9110041,2.934096,2.0624647,1.2116151,-0.29508263,-2.858745,-1.3691139,-2.9639537,pop
-81.77599,78.609276,-17.260933,24.511774,8.410555,2.1446185,5.520015,1.9346676,8.799278,-0.122296736,0.49543995,4.6422744,2.3893166,5.5083528,0.6174306,-1.808122,2.3056872,7.846462,5.0109644,-3.3342338,-7.9228168,0.11346587,4.540361,2.0252516,-1.9474553,-0.42387584,-3.063345,-2.2706122,-4.95445,-0.64029497,1.6492939,-3.2007134,-5.3831277,0.9827776,0.22551309,1.7278827,0.8281302,-5.9011374,-5.912848,-2.2396727,pop
-50.449287,56.41648,12.563282,11.288339,-2.739751,1.3628131,4.5399694,-0.96321356,2.2894216,2.7384725,-1.9891648,2.5949512,-4.0203376,0.683096,-1.396714,3.3251173,3.028759,2.6311064,2.0771773,1.3595716,-1.4268727,-0.6287547,2.1296327,-0.04988632,1.0822544,-1.8503908,-3.3909569,-1.2365879,2.2982194,0.85297793,0.5125628,-2.6866024,0.20004499,1.3295846,0.85761094,2.3259773,-1.4818558,-0.29156753,-1.6675167,-2.8887372,pop
-47.05376,55.781746,27.617126,19.193428,15.186061,3.1757607,5.6275535,1.6121148,4.148368,1.6211525,-1.5870057,-3.0055182,-7.6369953,-3.841529,-8.113685,-3.369737,-2.2721324,4.5030904,1.4371147,-0.3833655,-6.5321426,-7.298971,-1.991251,3.4096951,6.878211,0.29934257,-7.9337873,-9.154478,-3.4425366,1.3534921,-2.2020426,-7.640926,-6.3777504,0.95741373,2.8518603,2.6977756,-0.7561417,-3.4497502,-6.191484,-4.688139,pop
-42.68938,54.882027,17.06182,19.76454,6.852839,2.7781906,11.820236,1.205856,7.9387155,1.1382531,-4.0712814,0.13736184,-4.236571,-4.4564805,-2.5122685,-2.891116,0.6187278,0.8994231,2.3103714,1.926104,0.702374,1.6737984,1.242223,-0.91902375,1.4580626,-0.39008862,-0.9279648,-1.8898728,-2.2160404,0.014900526,0.43337682,-1.1674659,-1.4715241,-2.568205,-0.25804144,-0.57118124,-0.29093006,-0.46733826,-0.8330077,1.1746813,pop
-47.681934,55.53719,19.178862,24.482962,4.0398774,1.5440775,6.9665008,-1.0461183,3.0828688,1.7952809,-3.035119,1.9345391,-4.6785507,-2.5212111,-0.8627602,-2.2868989,-1.6915138,-3.232456,2.6129022,1.893048,0.41410157,3.822203,4.4227595,-0.051001392,2.694396,1.9558206,-3.7277923,-3.0498767,-2.5489717,0.48898777,1.5021821,-0.82418776,-2.8019013,-2.1555355,0.9149194,1.9233701,1.6011415,1.6395212,1.7968123,0.52934015,pop
-44.723248,55.059223,27.137182,19.50298,14.696994,3.2040474,5.509529,1.423708,4.4969788,1.3679072,-1.6663119,-3.534417,-7.9148335,-3.532205,-8.198315,-3.392684,-2.6661005,4.283488,1.3531154,-0.16799036,-6.4153023,-7.6351533,-2.0111628,3.2998254,6.71903,0.37050933,-8.276568,-9.17446,-3.5452247,1.249579,-2.2859538,-7.79646,-6.382254,0.7745063,2.8355696,2.702083,-0.8691266,-3.4886096,-6.372879,-4.7042155,pop
-8.406137,42.004875,8.2976465,17.972025,14.039091,7.345697,5.7253203,-1.8997345,4.6036773,2.0709262,-1.0726748,-0.6631825,-2.4345155,-1.4743019,-3.7601752,-1.6542797,-2.3765326,0.052154917,-0.99298966,-2.6045353,-1.5560681,-1.1957633,0.99956405,0.0011708168,2.018035,0.49607518,-1.6571946,-1.703962,-2.096031,-2.3508086,-3.5979095,-5.4235005,-3.661166,-2.0625844,-1.7154416,-1.1127868,-1.0007521,-0.96881664,-2.257379,-3.3660183,pop
-25.935339,60.872032,6.071953,17.717197,5.13251,10.431291,2.4501173,4.9244223,8.108929,3.8508592,-0.18614726,7.252811,4.9468403,0.9169612,-2.2947693,1.5526826,0.21936403,1.9272804,2.3685062,5.4341993,-2.1096532,-1.8361979,0.51719266,-0.11986289,1.012083,-0.62255055,-0.5542133,0.9091285,0.7711722,-2.834332,-3.2073414,-4.349251,-2.6392584,-0.2482221,-2.0332801,-2.6376095,-2.4849775,-1.4147742,-2.0690625,-1.6831175,pop
-20.228374,57.77345,16.777649,18.249578,8.958152,14.899964,2.6696353,3.7526221,1.1145035,1.8456721,-5.9808383,-3.6137547,-3.6554594,0.9081742,-0.4759976,-0.40367457,-4.619457,1.9671378,1.5699369,0.54384726,-1.5032947,-5.1185274,2.2889109,-0.46912226,3.1777349,-0.5083744,-3.6704845,-2.447769,-4.1058574,-5.569227,-8.167737,-3.8130972,-1.9747428,-1.1338853,-2.5490258,-3.495997,-2.5585904,-2.678333,-1.5761919,-0.25361618,pop
-42.268806,82.17975,-2.2469733,19.916231,13.862176,0.8657801,7.92098,-0.7182552,6.8773565,-1.9071585,-4.6875606,-3.164194,-2.94167,3.6025867,-0.078093775,1.5862795,0.84904444,-1.2324396,2.5389125,0.78024215,0.41541818,-1.327376,1.2195066,1.4221898,-0.42211545,-1.9818319,-0.78948855,0.65878665,0.92684174,-1.4193832,1.0196089,0.50061685,1.3796699,-0.15382507,-2.052303,0.11071111,-3.216147,-3.253356,-3.7197077,-1.5898877,pop
-36.629185,73.09261,39.12304,20.328524,12.4935465,2.151913,11.737693,-2.432415,6.6467233,3.182791,-5.380571,-3.1493692,-5.77508,-7.682376,-7.605996,-6.8437,-6.105222,-1.5670518,2.1235185,-1.5718985,-2.8591533,-2.3113847,2.5824168,1.3045852,1.8019674,1.4518111,0.7707304,0.64077836,-2.2470782,-4.5812407,-3.2589157,0.31026062,0.32222435,0.08529512,-2.7470946,0.63466865,-1.4280106,-2.447885,-1.1180348,1.1421564,pop
-59.09869,60.998295,27.75064,23.867935,12.298356,7.3722224,12.321168,7.1516924,13.415489,2.485732,-1.9674118,-2.4141192,-4.519556,3.4697351,2.0349872,3.7280085,2.4979272,1.2848574,3.1396015,1.6590123,3.476138,2.6853085,-1.7459149,-4.079784,-4.121946,-3.02668,-1.8294209,-4.013863,-2.9385626,3.2507627,3.2286894,-5.441088,-8.648115,-8.518123,-5.872887,-0.95965475,-0.104279555,3.0674233,0.7673773,-5.3732834,pop
-125.53952,51.196957,38.517105,14.491696,16.232536,4.6429577,12.308261,1.1730317,1.7245497,9.770825,-2.822416,2.07893,0.8530097,-0.50384986,1.3426533,-0.8620618,0.4848826,4.129414,1.749743,8.2345915,3.9447145,3.1141448,5.5909963,5.271545,2.6267722,2.8541229,0.047706626,-1.5247881,-1.4891373,-1.3642479,-0.032469027,-0.5612008,-0.35615614,1.2760957,-0.39450338,-0.4555954,-0.5767851,-1.2618511,-1.7577211,0.45037615,pop
-26.93658,46.71037,8.708178,8.604125,6.086184,12.42523,6.958877,2.506842,1.159301,7.25731,-3.1307192,1.2537663,3.838255,4.690354,1.7137887,-0.9803977,-1.3044108,-2.6919026,-1.2717875,-2.4849613,-4.308405,0.23592979,1.0478477,0.48972535,-1.3869585,0.6031534,-1.1746371,1.2853445,0.6675548,-1.8701115,-3.3811667,0.9057125,3.418802,1.234121,-1.4723104,-3.043484,-4.346125,-2.3039727,-0.9549318,-1.6853195,pop
-119.34646,85.94366,33.886932,9.992517,17.70141,0.51905245,9.565489,-5.299008,4.170094,8.122251,-7.9776335,1.5659164,-2.9331827,-1.6069088,-0.1992256,-2.4307656,1.2062727,5.8464403,1.6082752,7.58336,2.2329094,2.1130204,0.6075648,-0.3556172,-2.0999148,4.0718923,0.9069934,3.6650217,1.8423592,-1.4655534,-0.19345008,-1.3831648,1.1745508,1.967114,-1.7495711,-0.640237,-0.9537002,-0.5319006,-1.1099154,-0.14865036,pop
-159.4762,104.848114,-10.300141,34.656025,-4.9666266,26.805262,-21.953398,23.45208,-14.029752,19.58617,-8.298798,9.717497,-10.065849,1.4203507,-6.502981,1.0738482,-9.21135,3.2851348,-0.7643053,3.762076,3.3073032,3.0621562,-2.1919024,0.930334,0.91021466,2.2940152,1.7695192,-0.3974686,-0.9259537,-1.7959352,6.517842,2.0866902,-0.7767061,-3.9262726,-3.6334808,-1.7876487,1.1421043,-1.3415401,-0.7712039,-1.4144543,reggae
-190.91765,127.40976,-3.7634394,26.71416,-12.804949,23.936832,-8.225953,9.973004,-12.2330675,13.443711,-7.079032,1.6518703,-14.517787,-3.2188597,-10.451735,-3.4889703,-9.745509,-3.9056628,-7.6496854,-3.5429668,-8.471138,-8.381847,-3.5272849,-6.408791,-1.3690622,0.41117978,-1.2000316,-1.1746455,-3.6377392,-10.365312,-2.7834048,-1.0422581,-0.47192618,-4.036132,-2.2402143,-2.5853348,-0.18073761,-0.7971771,-0.37535977,-3.0284958,reggae
-189.03758,110.847466,2.9524722,48.38527,-6.4148865,20.739729,-12.550731,15.891012,-13.612208,9.429014,-8.036865,8.099243,-10.633535,-2.542347,-4.7125726,-1.0250477,-3.2118282,2.6939583,-3.9863687,2.8767803,-4.462707,-4.3203096,-2.2285185,0.09683839,-2.4013395,-3.8168397,-0.88155705,-3.4577568,0.4658736,-2.5037162,-1.6161565,-4.4566936,-2.5777185,-0.32114723,0.639296,-3.2835293,-1.8628424,-1.0966364,-2.7822657,-3.9371092,reggae
-201.14635,104.14866,-15.473289,30.804382,14.2523155,31.42222,-7.8675566,17.963144,-4.0559983,16.943935,-11.217154,12.121105,-5.287185,-0.68669313,-1.3800302,3.932362,-5.861718,1.0428141,-2.9809182,-1.3651695,0.7787049,1.2893994,3.8676372,-3.2601073,-0.7298027,-0.99157,1.8450134,-0.54128367,-4.370063,-1.9779379,3.767947,3.4282117,-1.2843864,-5.165811,-6.0795355,-1.6666713,-4.0671396,-1.2119111,0.7863847,-2.5330179,reggae
-175.64171,104.896675,-15.691055,27.549057,-8.112591,24.010681,-10.335524,18.850737,-8.387437,11.847504,-7.5933056,12.55491,-6.044676,2.4995797,1.908294,7.1437817,-3.3788838,12.449428,-3.3393536,0.7524497,1.8755703,-1.2714231,0.0023515068,1.6683688,1.2537439,-0.25059983,1.1701107,-2.5656137,-4.6160226,-3.2385292,0.6205682,-1.3040605,-0.19809204,-5.7490363,-5.426933,-3.986536,0.0008630664,-0.6581463,-0.74822336,-3.789281,reggae
-176.69528,116.83858,-21.32323,38.76649,-5.4716187,26.62239,-8.185519,15.780884,-10.489778,11.041742,-10.061267,9.915604,-3.2601383,2.817187,-2.5358472,-1.4068649,-9.888324,3.0774343,-0.28200307,1.9877512,2.1274583,-4.9895,-1.2408787,1.3857446,-1.1507894,-2.4763076,1.6821705,-2.6145587,-0.3182508,-2.2608442,-5.4486737,-8.015689,-3.9069755,0.15178964,1.283403,-1.942015,-1.8503075,-1.5257566,-1.5057257,-5.911631,reggae
-207.34694,134.66907,-9.072053,38.461567,6.2944055,22.612717,-8.297777,16.307375,-8.460724,4.16075,-4.3510094,6.347874,-6.9025645,0.95777583,-0.9435606,-2.5334952,-6.108428,2.4835787,-6.168632,-4.5849576,-1.467717,-4.7369366,0.3590863,0.07548112,-0.29548872,-0.87914,-0.30825958,-5.5645037,-3.4318035,-1.8307803,1.6606727,-0.21088329,-1.686737,-3.2212193,-3.7807043,-3.930197,-0.18048173,-1.7780058,-1.1881179,-3.3482716,reggae
-192.26952,116.49671,-10.948332,29.89508,-0.64370245,21.415995,-11.890398,18.631174,-13.072376,14.453672,-7.3830023,4.824288,-2.8118997,3.1115599,-1.6245098,-2.3962562,-6.515826,-1.4116211,-5.53472,-2.5470498,1.2358024,-0.40665287,1.7592671,-1.5864866,-0.78690934,-0.3449325,-1.3358045,-1.7334174,-2.414281,2.856814,5.040322,-0.536329,-2.460435,-8.169232,-3.4036355,-2.1934135,-1.3354884,-2.9807553,-1.5567657,-0.4797189,reggae
-194.59451,118.551735,-6.4070854,40.793236,-3.289793,25.464678,-9.3052635,11.397987,-6.1488485,15.341208,-5.1579056,5.756854,-6.2863235,5.865662,-2.8015068,2.5843728,-4.7488217,4.527494,-3.1933517,-0.3205057,-3.822327,-3.9814632,-1.1018642,0.4778288,0.88439536,-5.905103,-0.7124577,-3.591058,-4.378693,2.242239,-0.3925022,-7.198246,-3.5602324,-1.8453763,-0.40220505,0.4214829,1.1678826,-2.9939034,-1.4441688,-6.118076,reggae
-232.59302,131.23955,2.6628423,18.39239,11.315528,22.940382,-10.487955,16.763714,-15.250354,15.54302,-8.380157,8.023414,-3.7811055,3.1112142,-1.4120816,3.2603438,-4.1057906,2.9342403,0.3832841,0.012208401,2.7069573,0.395193,3.349916,0.07521534,5.208444,-0.075846255,4.4666376,3.0640154,0.27819768,-1.0662967,-3.9473011,0.40554157,1.9592412,2.5053148,-0.75076604,-0.45084217,-1.2266116,0.9586538,-1.7004762,-2.3627088,reggae
-233.61296,87.49833,-22.208416,52.046257,-8.59684,24.97941,-18.240005,1.8987356,-9.137021,-0.2273451,-17.065609,-3.0177398,-9.790683,-8.786682,-7.723598,-2.1792297,-13.649117,-6.4862905,-9.148554,-12.729436,-9.0927725,-10.834042,-9.454446,-6.367707,-10.827776,-7.798142,1.656192,-0.88535744,-1.893145,-7.3684,-2.1740487,-10.492035,-3.7534032,1.0183122,1.7605458,-0.10211382,-2.129427,-4.8259926,-6.515912,-3.4220386,reggae
-198.6328,102.41358,-10.031449,30.802383,-3.3106058,20.276924,-5.6373734,28.09563,-11.512124,18.202066,-7.3657823,12.278468,-4.3605094,11.4029665,-3.4694695,2.0161312,-6.987337,1.1139209,-1.4947574,1.9552053,1.2190261,3.104971,0.983144,2.6924157,2.935036,1.7071918,2.1783931,0.058659982,4.7795744,1.3211753,-1.5646124,-4.1005692,-0.07186819,-1.1214187,1.1406558,-0.39957583,-1.715643,-1.2887166,-1.6379362,-3.6378198,reggae
-191.17174,96.340126,-17.656992,24.872456,-0.87806803,26.34468,-12.918914,19.642458,-9.785497,16.977057,-8.600344,11.421409,-8.215002,5.9677954,-1.8638287,5.9602714,-8.060111,3.3991616,-2.631839,-0.798875,-5.324168,-1.5458796,-3.9500525,3.3590825,-1.4213082,1.0617924,2.364205,-0.89783543,-1.1277617,-6.2429404,-0.73838055,1.6881946,1.1441848,1.2903688,-1.1991639,-3.9352627,-2.9442894,1.371255,0.50328684,-2.2411203,reggae
-206.49236,122.64486,-0.6156089,29.371662,10.252774,28.223461,-9.921397,13.379462,-8.442613,11.284243,-7.2747083,7.0825186,-10.333574,1.9441689,-6.532225,-0.2148909,-7.540655,0.41365626,-1.6585841,-0.16716008,3.6261935,-2.3883436,1.1918198,3.0347934,3.108088,-1.220416,1.999813,-5.8129253,-0.71532625,1.4316204,-2.1424625,-3.457193,-6.6358676,-1.5511754,0.34864572,-1.1688792,-0.18113562,-3.8279848,-1.9872735,-2.726397,reggae
-209.72826,105.235115,2.5971057,34.906914,15.330765,25.211895,-6.0549407,18.222582,-5.076517,8.924583,-0.9967101,8.245265,-4.0222335,4.729955,-1.0536166,3.0564938,-4.592585,4.248057,-2.1156552,-3.6582186,-1.8924022,0.045867544,1.8302308,-0.6433498,0.06849441,0.9102543,6.3534236,3.4546711,-0.2378723,-0.63990664,2.4578576,5.0388255,5.1792903,2.1442368,-1.926834,-4.758397,-2.0609665,-1.4426764,0.3309025,-1.5169702,reggae
-157.72598,109.83527,8.463048,41.79172,5.113608,25.760815,-12.964588,22.066961,-15.514671,14.372681,-11.921099,11.602116,-10.626171,4.125749,-4.0515113,3.4704802,-8.407583,1.7806472,-5.242628,-1.4668231,-1.6343733,-0.13680515,0.008038028,0.91243005,0.3618097,-3.023486,-2.178622,-3.792157,-0.28647652,-0.90481144,0.9495787,-4.3985443,-2.5997677,-3.568953,-0.5843697,1.6137693,0.596773,-2.8788383,-4.45336,-3.0830588,reggae
-76.048325,101.12717,-11.631934,46.232918,-11.2169285,31.394114,-9.462058,22.460752,-16.815596,15.975832,-9.508244,11.812327,-7.8450184,9.720803,-7.2474904,6.17486,-8.610062,8.070505,-5.5852027,3.7330098,3.6561756,2.394122,0.24375354,2.2047422,-0.57394975,4.189463,0.67405576,1.6605295,-1.8849652,1.2124854,3.4337733,-2.4838746,-2.5431738,-2.8804646,-0.9141439,-1.8645006,-2.0130622,-4.7597203,-0.97051555,-2.095233,reggae
-154.8781,110.041916,-18.444853,36.64433,0.52315885,31.586283,-10.428807,18.81091,-7.1827836,13.130123,-5.2511683,8.890393,-6.71836,6.0094323,-2.8002794,3.637413,-2.2208931,5.30364,-6.5800447,-2.9349852,2.667903,2.0167809,1.6295999,2.1991136,2.82311,0.032029144,3.9042602,0.2629576,-0.55212003,1.9375881,2.9501383,-2.1549995,-1.2377661,-4.6369147,-0.5949464,-0.044744674,3.1972747,0.8300991,-0.43104416,-2.4110584,reggae
-170.9219,107.74944,-1.7545493,46.44016,-0.19604412,24.946032,-10.681295,18.073284,-10.796637,11.152104,-7.2524505,6.203107,-6.4640946,2.046371,-2.440873,2.5579052,-4.042341,0.79381084,-3.7560377,-1.6679442,0.14521322,0.91472256,-0.8188987,-1.0501747,-0.3404818,-1.195848,3.2138414,-1.7092618,-0.0050581703,0.7166259,1.1257042,-0.93036175,1.2394463,-1.1227832,-1.6768386,-4.7350903,-3.3865018,-1.9419339,1.0180508,-0.9366229,reggae
-184.51595,106.18037,4.0202484,38.737698,8.408315,30.45933,-3.3555884,20.299545,-1.55138,15.922177,-6.5210133,13.197273,-1.7158338,6.852844,-3.2387495,1.8637657,-6.049035,3.5135026,-7.4141216,-1.743458,-6.725106,-6.0310173,-3.528645,-1.4113097,1.4783971,3.221581,4.6259828,1.6430324,-1.214853,-1.3820533,2.6682465,-1.1037844,-3.5832288,-5.539894,-6.8604655,-3.8487046,-1.0527273,-0.25682157,1.1382334,-5.780789,reggae
-177.68387,113.61754,2.3168924,35.842815,1.5947576,34.69798,-8.75585,16.296055,-9.33526,14.175699,-2.0734394,13.142421,-7.2475615,3.5860155,-0.5792335,4.835953,-3.5922883,3.7729363,-4.3120465,-1.1142004,1.0058452,-0.3443317,2.3774483,1.815257,1.9827031,0.63850945,0.5612094,-1.4203963,1.2088723,-0.49401742,-1.8823882,-5.4782014,-2.2915375,-1.1534749,3.368957,-1.419979,-2.0993376,-7.538605,-6.7743535,-4.389651,reggae
-88.0909,109.416725,-25.173023,40.403038,-8.781224,24.709513,-11.537566,18.499166,-8.2953205,17.030209,-8.444006,9.80278,-12.90077,1.572021,-10.528803,-0.43553227,-7.793019,3.44469,-4.9788017,0.058966927,0.19186623,-2.4555178,-1.0054742,-2.117125,0.40047905,-0.36879006,-0.31253284,-0.91980094,0.78916717,-2.2665892,0.016015634,-2.4444275,1.1076005,0.8887867,2.7977386,1.1402448,1.2251352,-2.187246,0.65830934,-0.026632633,reggae
-91.33977,98.830605,-23.198654,46.879734,-6.857409,29.266338,-9.967306,25.659388,-10.211893,19.611229,-8.21838,13.407227,-6.499761,14.019779,0.41123486,12.5813265,0.34520653,10.107013,-0.43188742,1.2852145,0.1835638,3.4698784,4.779204,4.280759,5.396079,4.0265675,3.183084,1.2349461,-1.2697905,-0.37640354,3.7778819,2.8987367,3.373891,-2.6510227,-1.035305,-2.848787,0.16665266,-1.6570665,-0.27000412,-4.8634024,reggae
-161.81602,78.712814,-19.275562,55.11339,13.201412,30.957823,-7.0246754,24.269943,-12.8338585,21.512705,-13.528581,12.772058,-7.4467325,12.766994,-3.334874,9.13467,-7.7527356,0.64107597,-4.0955224,0.5013718,0.45215544,2.5236924,-1.4402514,-2.3379037,-2.8638046,-2.088732,-4.883655,-4.7309117,-0.7698749,1.2980859,2.0954165,-4.1054835,-2.6478813,-1.8674041,1.4595003,0.6487737,0.4945718,-3.728205,1.2075716,-3.6279225,reggae
-169.24367,110.447716,-8.553957,43.898693,0.2664538,26.64651,-14.365674,13.026835,-11.142897,8.144701,-7.6902556,10.90997,-8.172387,2.8046384,-6.414233,1.1023635,-4.2614355,4.327076,-3.4582474,1.2084929,3.524337,2.3090665,0.31393054,-2.5829463,-0.17448331,-1.5715768,-0.069871835,-3.4899185,-1.5157416,0.55800647,-1.8582889,-5.8666167,-1.7576452,-4.5385494,-0.16898641,-0.8331714,-1.5844258,-1.8845037,-1.3123922,-3.2557669,reggae
-177.3409,110.98353,-15.655527,36.77763,0.061218828,24.468962,-3.7678864,18.426622,-3.3727517,13.775833,-2.1070578,8.593649,-5.94512,2.9016984,-5.276312,-3.0622096,-6.2044888,2.0515823,-0.9910093,2.3013546,4.629223,1.4577389,1.4689316,-0.78104925,-0.68887186,-4.97494,-0.64974743,-2.6221716,-3.6583812,-8.071065,-5.1186686,-2.90597,0.6720553,-2.293578,-2.4811177,-3.923965,-2.9208004,-4.2731924,-4.6723895,-0.3600266,reggae
-171.67456,99.35704,-8.266291,49.604023,1.0877641,31.122862,-7.1348906,15.8882,-1.3654101,12.733199,-5.1999,11.8099785,-5.3254657,3.1670113,-6.69428,0.026681775,-7.726804,6.6970096,-3.7591054,-1.7928301,3.5198135,1.5142564,-0.64043933,2.4683316,2.4199808,0.10794254,0.99501705,-2.0248032,0.31712222,2.0451145,-0.34743616,-8.174225,-6.5733542,-4.3989606,-1.7755696,-3.46136,-1.390668,-2.5259295,-1.2782309,-0.28927475,reggae
-177.61339,89.9523,4.605283,40.16279,0.16708128,23.182535,-9.905035,12.762709,-7.308214,18.732483,-5.735256,6.114346,-9.921317,0.27476895,-8.231639,3.866412,-6.8660936,2.1783085,-2.3552928,1.8247569,0.044044707,0.5775502,-1.6926621,-0.11390525,-0.8597155,-0.41719976,1.6906761,1.6676316,2.6487303,-4.661407,-5.2539144,-3.8351994,-0.5185033,-2.7582963,-2.9563284,-4.359543,-2.5110579,-1.3794266,-3.2191477,-2.7640285,reggae
-256.31827,104.26259,-7.273195,56.246433,11.097317,27.300398,5.819085,17.783636,-1.2736737,14.663482,-3.4646597,10.868228,-2.4614923,1.5637312,-3.7310224,-1.359602,-4.2055964,1.3962828,-0.2764057,-1.6045073,-1.7786616,-2.0504262,-3.3058753,-0.664658,-1.2230043,-4.515705,-2.7910426,-1.9188898,-0.9332215,-1.9728509,-1.0553473,-2.9178708,-2.872593,-2.2878788,-0.51069766,-0.9531679,-1.0382739,-0.8344993,1.367812,-0.2484145,reggae
-202.0222,111.094864,8.876879,51.82644,1.2931868,30.043192,-4.50889,22.452713,-7.1464868,11.500771,-4.760858,10.600746,-2.6392033,9.013606,-4.359338,-0.041451376,-4.3263583,0.65347505,-3.7452366,-6.1954627,-3.3144171,-5.8881607,-6.368606,-3.7627566,-4.036434,-2.520604,-4.2217402,-0.88001716,-2.2329197,-1.4129865,-0.30560654,-2.6277926,-1.0402707,-3.0769086,-2.1035702,-3.5392892,-2.2027729,-4.290998,-1.0357485,-1.5118583,reggae
-239.17885,98.96217,19.201756,50.7939,2.838993,32.244686,-1.5015247,16.732334,-7.4521236,16.716906,1.4970646,16.05648,2.8027058,5.937704,-6.3082843,-1.0379026,-6.3440433,2.1457446,-6.6404223,-5.261346,-7.250101,-0.0076005775,1.5357116,-1.6222363,-3.9239824,-0.6773397,-1.3818818,-2.0213718,-6.1263213,-3.4228837,-2.6915374,-2.394754,0.08851902,-3.660775,-1.5795103,0.0834823,0.9793512,-1.937531,-0.113136075,-0.66031307,reggae
-226.41882,103.35993,0.16650183,43.973858,10.65059,35.21007,8.444858,21.145638,-3.2926626,15.537871,-3.0108566,11.102893,1.7772818,10.621122,-5.7564626,-0.9837619,-4.13233,0.659414,-3.7918532,-0.5790857,-2.544181,-2.5961208,-5.0307817,-1.9339783,-1.8931212,-2.331528,-0.67423797,0.7214928,-3.9916406,-6.809108,-7.7980027,-4.8667316,1.9162679,0.312609,-0.6601594,-1.722472,-1.7837583,-5.2570076,-1.9238689,1.1803902,reggae
-243.80943,123.347595,-15.57089,38.883972,6.487192,25.511738,3.036343,17.175442,-0.21269456,8.983332,-2.4875262,6.7616143,-3.453198,3.2560692,-3.4338753,-0.4797554,-2.5348237,-1.8623353,-4.9655204,-2.7182345,-1.9993742,-0.68199736,-0.63030994,-2.9479942,-3.120682,-3.5265872,-2.1477737,-1.9834388,-2.9181151,-1.5136887,-0.5694925,-2.1423235,-2.086541,-1.0718019,1.3730106,-0.09063061,-1.0233872,-2.0821579,0.33124036,0.6503946,reggae
-249.42773,111.49365,11.282426,41.328262,-2.88513,34.554276,0.42364568,22.346,-9.966396,10.2083845,-2.8217611,8.728782,-1.4477806,2.2692573,-3.8882215,-1.8549621,-0.8423572,-0.9373944,-3.1697903,-4.3267784,-2.9125576,-3.062454,-2.3115897,-3.919392,-4.5822997,-2.9552588,-4.442663,-0.52315205,-5.50504,-2.0342765,-2.1273506,-2.522696,0.23948188,-3.776544,0.49201822,-6.567298,0.36979243,0.45975387,-1.2630528,-3.240514,reggae
-238.86949,132.32365,-0.1248904,41.23385,2.4230201,19.0934,7.968853,19.944677,-0.63158435,11.098161,-1.7195421,9.940314,3.024706,2.2102935,-7.8496413,-3.9856918,-4.9199595,-2.1506598,-2.4111888,0.05068018,0.8112273,-1.3055339,-5.4319057,-4.373214,-3.2588503,-2.122551,-1.8126315,-0.41492218,-3.1846545,-3.3398852,-6.6363544,-4.628237,2.940966,1.2269077,-1.6048229,-1.6898228,-0.02497186,-1.2805507,-1.9782847,-1.5495166,reggae
-223.36678,114.212555,-4.4246492,40.187866,-5.0985384,24.676882,0.7235719,17.049505,-2.3657622,11.154623,-3.0846276,6.1297007,-5.687176,3.5125513,-5.4818797,0.031668458,-4.8445797,-0.7003845,-3.639368,-2.805782,-1.9275866,-2.630712,-3.6793973,-0.808875,-1.0585389,-1.7696458,-1.9118994,-2.2350135,-1.7748351,-2.7288423,-3.7386668,-5.640044,-2.898112,-1.318278,1.4352529,-0.62431,-1.0945052,-1.8840358,-0.28209338,-0.7297616,reggae
-236.62389,91.68299,1.8581239,45.465084,1.2693517,32.259148,9.054458,19.607553,-5.0637455,10.95754,-4.0131874,7.5379105,-0.3325838,5.8084626,-1.8194474,5.3802843,0.28315574,5.020354,-0.3373817,-0.84843403,-2.220334,-7.255924,-4.9663672,-6.2034135,-4.4668508,-2.0060797,-2.1563964,-0.9590608,-2.8394673,-3.400167,-0.59611773,-0.3705485,-1.5110781,-2.293739,-0.2138409,0.16535954,0.41976172,2.5061893,1.58439,-3.9225423,reggae
-242.55127,98.308784,-3.8207767,46.032425,3.2868474,29.200768,8.863108,26.982607,4.7228484,13.119676,-0.63755846,12.055011,3.0041897,10.169963,-3.266688,2.036473,-3.5446408,0.9496666,-6.313107,-2.8599465,-0.7538336,-2.0247488,-3.2752898,-0.21490403,-2.0254006,-4.5420356,-3.2660158,-1.9229989,-4.0977235,-2.5250998,-0.29670504,-3.0954585,-4.848947,0.38133994,3.2712908,-1.6174692,-3.3192875,-2.9383008,-0.50127786,-2.9596343,reggae
-240.0093,108.755516,-8.202256,32.197624,-8.81615,18.640667,-4.7014017,15.518407,-3.7182035,14.536973,-4.7924457,6.403633,-2.9500248,2.4401069,-7.110959,-0.1551879,-3.1421595,-1.5445279,-3.7374158,-0.81486213,-1.3036158,-4.6361475,-5.0195665,-6.2314916,-6.234418,-7.76343,-5.2281013,-0.70705605,-3.586589,-6.346713,-4.275797,-3.608697,-1.0562915,-3.3831747,-1.8755505,-6.0831423,-2.4030607,-5.2320094,-0.78606856,1.5132504,reggae
-300.35504,99.25266,52.999855,43.226738,18.883024,24.848495,-7.955614,22.175869,1.7826728,24.79426,8.393651,20.71345,2.804007,9.560834,1.1138259,5.903201,1.1138865,4.1829386,-2.2141101,-2.0283017,-5.4911103,1.256558,-0.0681047,-0.85865706,-0.7113469,-4.3776903,-2.415253,-5.136117,-6.0384865,-5.066759,2.0940404,-1.3326923,1.1567953,-2.0333958,2.1368983,-1.5218792,0.9074145,-1.8766795,-0.83189607,-1.468989,reggae
-296.0808,93.19381,-31.427439,29.488941,-18.94015,1.9491984,-19.49847,-6.2451177,-24.019806,-7.0987687,-14.191153,3.2708817,-10.612779,-2.7966268,-10.806494,-6.70871,-8.496008,-3.1317625,-7.0599756,-4.760056,-3.8588035,-0.15885311,-0.83483046,-2.8293808,-1.1294093,-4.535527,-5.5246077,-7.1961637,-0.030483613,-0.8687355,0.8827295,-1.2178931,-3.1192627,-0.6378783,1.1735204,3.4106076,5.401823,4.5668235,3.2313871,-3.024532,reggae
-177.2906,89.63707,9.614038,65.46783,-1.0167572,15.514672,8.010461,16.342636,0.26795146,2.6445177,2.8961606,0.6422158,2.5766912,2.810242,-0.4553275,2.526275,-1.407092,-1.6532326,1.2065384,-1.8943056,1.0805949,-0.8751834,-1.9519728,-1.7400771,-3.9473102,-3.865779,-1.162464,-4.3248634,1.5721923,3.434704,3.0154016,-0.66430134,-3.264788,-4.848829,-4.6777253,-3.1858106,-1.6915147,-3.2333221,-3.3381772,-1.4753524,reggae
-174.81073,79.29305,-24.333021,17.978056,24.470284,15.726947,7.472576,4.2259116,3.9170735,4.8066626,2.7606578,1.7235028,-2.3440123,-1.6011022,-4.455369,-0.37273803,-2.4354048,1.4890796,-0.32870978,-3.6642168,-2.567024,3.0209382,-0.44220576,1.2169565,-0.00013988011,-3.6141307,-3.3946083,-1.9188416,-2.9549074,-1.8720486,0.09407263,-0.18314213,0.29917747,0.13088201,0.5357651,0.8175084,3.586146,3.559219,2.7250984,-0.70680004,reggae
-164.68898,142.69797,-41.473988,41.23485,16.18847,-5.5709586,7.642461,5.6203566,0.80288523,-10.477527,-2.3480628,-0.4949835,-3.0664117,-0.6133681,1.1345508,0.72807527,1.0431116,1.9845235,3.4986024,5.307884,1.4759994,-5.3350453,-6.4641967,-1.4488013,-3.1097643,-6.0333014,-2.5495427,1.8188692,-3.409327,-10.266848,-5.4719176,0.7570336,-1.5825877,-3.7812815,-5.495667,-8.920018,-6.0925064,-2.8171318,1.6460546,3.797973,reggae
-104.24897,83.94451,18.881548,28.945412,10.63566,9.320364,9.311715,6.5240045,3.008459,2.4963021,2.7950141,-0.20271982,3.10101,-2.2135162,-1.7472101,-1.5308084,-0.26908633,-0.9262979,-0.93775654,-3.5272477,-3.953918,-2.9300337,-2.7928421,-1.8511944,-2.6220953,-2.2253704,-4.953312,-1.8785803,-4.3894224,-0.95730704,-1.377797,-1.4543766,-0.2781737,1.2719191,3.105936,-1.3631223,0.5860323,1.0144857,-1.7046396,-4.7634597,reggae
-120.324814,16.383318,25.04658,37.25922,9.280131,13.014446,3.2297337,5.967851,4.0833497,1.6961602,1.8896632,2.6729696,2.0346594,-1.7154502,2.1032035,3.2449558,-2.0760071,2.7732615,1.609771,-4.050147,-0.31979427,-2.1555939,-5.387157,-2.1158757,-3.6590881,-3.9410515,-3.1429303,-3.2631564,-2.8092177,0.38913795,1.6115526,0.83007973,-2.107887,-5.701346,-1.879288,-1.7648628,-0.7931299,0.561724,0.8861957,-0.79865265,reggae
-169.03961,79.50441,15.242741,42.74113,7.6879196,17.028828,-5.9826927,0.54102665,0.06319954,-0.9479884,0.8362159,-1.5890546,-2.892287,-4.030863,-5.774508,-2.5853257,-6.522957,-6.593555,-2.8414476,-1.2010623,-0.75465083,1.9972018,1.1788455,1.7155081,-1.4446286,-2.6642756,-4.06692,-5.3781934,-1.081315,-3.3840423,-6.448937,-6.212799,-4.4927206,-1.4189188,-2.1149127,-4.8827353,-5.97153,-5.0489693,-4.4836745,-3.3892648,reggae
-140.31783,69.632965,-9.986165,52.16775,3.26914,4.559303,-3.4938629,2.92315,-6.571258,-2.642122,-1.7314111,-6.9437375,-5.8254113,-2.6929157,2.5455923,-1.8138257,-2.1630096,-2.9328244,-1.7962036,-2.7112763,-2.5426862,-3.6569364,-3.913837,-2.1899426,1.9761332,4.2218103,0.7318999,2.3388095,-2.2587101,-3.7019036,-4.2276397,-1.8361372,-2.2142673,-0.037304033,2.1567628,-1.0100259,1.3015654,1.5825372,0.6765098,1.5749557,reggae
-123.733696,66.19565,8.181811,49.759678,8.53877,25.88335,-5.3920436,12.895175,-2.5414345,6.7968063,-3.5781755,7.636994,-2.0558965,4.918354,3.664884,4.112981,-2.049146,6.775934,-2.827813,-2.379036,-5.884523,-3.1493998,-2.2981067,2.4843671,0.16100337,1.3880745,-1.352337,1.1981412,-2.111344,-3.3323011,-5.4451184,-2.9757357,2.747948,2.7016478,5.036717,1.0707058,-3.4743524,-6.664506,-7.3501024,-2.0001724,reggae
-121.493,89.57814,23.786144,32.76793,8.857055,-2.6159663,6.6278014,1.7668997,-2.9514718,-3.0993512,-0.6974907,-5.429426,-6.5477986,-4.704497,-3.2821004,-6.4664598,-6.659792,-4.4151874,-3.1623805,-3.9799309,-4.246031,-4.741436,-5.0944586,-5.3359957,-5.866775,-2.121822,1.0233232,0.9793959,-3.179116,-7.485828,-5.460356,-3.2546246,0.10766729,1.7247303,-3.6566777,-3.9429576,-2.6619987,-3.1898916,-4.190909,-1.8714396,reggae
-104.88102,66.38382,-2.3053358,24.606274,8.4148655,6.770361,1.6772854,5.1811647,1.0552062,2.1988103,2.956277,4.5823026,4.2084527,3.097735,-1.4157375,0.22688985,1.0962344,-2.3245964,-2.8943222,-2.1844988,-1.718679,-1.0422399,-0.46095696,1.1013689,0.6924212,-0.7460917,-1.5722202,0.023222838,3.0898852,1.472313,-2.571951,-5.1693783,-3.847857,-1.6304896,-0.28300798,-0.7470025,-2.8456745,-3.3088043,-3.3395028,-1.5790683,reggae
-154.96252,-1.539154,22.38873,30.425213,2.1195714,28.596123,16.995514,13.418903,8.493891,6.4839716,9.772991,10.905425,2.1743824,1.638151,6.3485465,6.9075937,-7.8031507,4.694933,3.4125054,0.66997004,2.370343,-0.64134115,-2.954759,1.3135418,-0.6930887,-0.55872154,1.5601006,-3.2927952,1.3817148,0.7459183,-3.3904421,-0.8347049,-1.8157054,0.4666204,-0.42370743,1.3469523,-2.9709213,2.1808157,0.94698805,-2.3465126,reggae
-85.30075,60.9427,34.790146,19.804203,16.71572,7.975334,9.312554,11.364072,1.3941991,-0.087947786,6.407763,3.6292884,5.6768217,7.2175837,-0.8390437,3.2431822,-2.6891913,0.36227474,4.752417,0.33321762,-4.9247985,0.08280829,-0.07927016,2.6365142,0.89834905,2.1814826,-0.20951685,-3.7341213,-3.597168,-0.95937854,-0.7184401,-3.3379707,-3.6816905,-3.907144,-0.92928547,1.4703655,3.6387506,1.4439219,1.6382272,0.5987778,reggae
-251.39256,105.855774,2.2200243,32.48439,16.563274,8.290815,10.365557,5.5049367,0.86996204,8.355298,-0.6317739,9.898768,-1.8497396,4.4185476,1.8289825,4.246809,-0.20060064,2.2507565,0.93455493,1.2882608,0.28297842,1.9855905,-0.8041857,-1.463431,-4.314958,-5.139324,-2.662131,-3.7681084,0.40087953,0.92998946,0.6280634,-0.044252142,-1.3514382,-2.8400385,-3.234322,-0.6458542,-1.218749,-1.1969404,-2.6369808,-1.1256452,reggae
-182.1939,83.517006,4.8448935,12.691202,30.071642,17.201649,6.1039777,7.693451,7.147,8.883384,-2.1501875,5.713592,1.452256,-4.9398346,2.9155705,2.189585,-3.2314162,0.7591999,-1.6967703,-0.6337946,1.3631731,2.188356,4.043956,-2.087353,-0.675038,0.32303736,2.258395,0.15627624,-3.6025372,-1.339975,4.3534036,3.5316331,-0.36598656,-4.302228,-5.519173,-0.6489435,-3.235409,-1.3625863,1.9941481,-2.1101334,reggae
-130.3925,84.28538,29.355722,23.844408,8.287879,13.861768,2.2291074,2.9254556,2.576494,0.09832207,2.3406696,2.7464368,3.756128,3.7823875,2.1226056,3.1364772,0.1615039,2.3938253,-4.115126,-1.766931,0.93495184,-2.1845818,-3.1681786,-0.5338166,-1.7728442,2.2912583,2.3515866,-2.4488778,1.5462621,-1.2531143,-4.1393356,-3.9501035,-2.7374594,1.4321854,-1.1794033,-1.0633909,-1.8634536,-1.8360913,-2.4822392,-0.77504516,reggae
-162.50883,98.486626,-1.6052877,20.811714,12.058052,11.743512,6.0935826,4.958358,1.7059443,3.0551608,-0.8599135,4.1205864,3.42566,-1.3976501,2.2798967,-3.7108696,-6.500756,2.585176,1.410147,2.229942,2.9584439,-4.1115365,-0.7231648,3.2734225,-1.1299901,-0.71977085,1.4885025,-1.2205641,-0.51104116,-0.67446285,-5.3249826,-6.320596,-3.6379697,1.8042145,1.2330352,-0.62435645,-1.9273204,-0.54684514,-0.91628265,-4.4320154,reggae
-177.29271,98.28518,14.708466,21.133085,14.941088,10.188181,4.97314,0.84379053,4.83046,6.869421,3.5429,-0.3562359,0.5778768,1.3758777,2.0128925,-0.30699232,-1.3682137,2.8996344,-0.97946554,-0.5216541,-2.700663,-3.125688,-0.8131645,1.4789162,0.97940236,-4.6570253,-0.64860654,-2.233498,-4.635644,3.0538955,-0.41614458,-5.7912006,-3.354084,-0.5643458,-0.59215426,1.6987618,0.67306757,-1.6785488,-1.3927779,-4.9308763,reggae
-169.34058,83.9091,11.203279,12.134803,21.077204,9.533383,0.93636596,2.1945176,0.87566555,1.6430131,-0.41765833,0.7432359,-4.7871585,-1.7297721,-2.0935743,-1.4278102,-4.669387,-0.21244708,1.9530637,-1.2630275,3.4144313,-1.757353,-2.205433,1.8302877,1.2428596,-0.91181904,1.1569742,-5.1410666,-0.74450284,2.4336898,-2.8349345,-2.3182883,-6.546458,-0.5408139,0.20991233,0.23374708,1.0668977,-1.9903367,-2.337788,-2.4245656,reggae
-93.51581,80.181656,-0.30427933,15.263566,4.348327,9.056693,1.6918386,2.5480187,-4.297323,1.0002484,-1.696375,-2.9968734,2.2530193,-2.0940118,0.32576278,-4.3774824,-4.0438805,-3.1599917,-5.416726,-2.1435902,1.2082942,1.4810644,0.7696833,-1.9618427,-0.1721541,0.6366712,-2.0589902,-2.4076862,-1.7898585,4.032601,3.1374388,-0.07511473,-4.7501407,-5.188993,-2.5538564,-1.7815117,-2.3850698,-2.2870352,-1.402369,-0.61653554,reggae
-301.43967,77.22314,-13.575449,39.304363,1.6029992,16.892714,-7.2503476,-3.6011548,1.1691409,-3.2648888,-8.437727,-3.6016147,-2.6015775,-7.2349606,-2.4424508,0.7665417,-8.960346,-2.651947,-5.49749,-8.402103,-5.9502196,-6.18184,-6.75382,-1.680177,-8.335568,-3.6462808,3.880548,3.296437,0.8686736,-2.930768,0.42203534,-6.3830075,-1.7444123,4.415128,4.2204585,3.4456336,0.5307764,-1.2824682,-3.6558762,-0.4536898,reggae
-74.0531,58.0152,9.140951,29.258945,12.535322,-0.18953325,0.16529681,1.3719065,-5.0914993,1.3520699,2.8511605,-1.5608809,0.8852588,1.0400748,-4.3360424,-3.7478487,-3.6638267,-1.0602559,-4.114143,-4.1376977,-1.4285513,-1.559362,-2.425113,0.11464921,-1.018742,0.80183405,-1.8206015,-3.267407,-8.691323,-9.224717,-2.576921,-0.92735183,-1.0677083,-4.815729,-3.260342,-2.185038,0.21002018,-2.4088352,-1.9526435,-1.7796673,reggae
-265.69498,80.61592,9.722022,36.657085,27.836796,12.086828,15.014478,15.116937,6.558819,6.284592,7.486023,5.6445103,4.349679,3.0850506,2.4041407,2.185563,2.4785864,1.2730665,-0.21760562,0.8088295,0.3860551,-0.92572194,-1.8526441,-0.92215496,0.67645067,0.18948166,0.37366775,-0.93671185,0.57006854,0.30623105,-1.9123439,-5.2287674,-6.43777,-3.0102293,0.411693,1.7145886,0.9716213,2.541488,2.610698,-1.361922,reggae
-168.56569,109.54735,-20.666073,38.956314,7.960122,0.3354016,6.036591,4.0865717,-1.3609744,0.11973307,0.2429877,0.3511984,5.3024573,3.684615,2.8488917,4.4759326,0.80968976,3.0071368,1.5235856,2.4545724,1.0871227,1.1607472,0.73698986,-1.2680942,2.499175,5.520826,1.7575997,-3.485059,-6.4177413,-1.7858422,3.994189,3.294628,-1.0221642,-3.710617,0.5789396,1.2594732,-1.7541265,-0.9841112,3.2973478,1.5944208,reggae
-70.11165,54.362183,15.596424,19.821365,27.00525,13.251235,0.70048463,10.075649,6.6888304,-0.30473047,2.978181,6.0232983,1.0923579,3.1697547,0.24926995,3.0365624,-5.6004424,-1.314189,-1.9566276,-8.710367,-2.7961557,-0.2835671,-4.473252,0.06950114,-2.8829467,2.9140937,0.33462232,5.7005997,-3.138144,-0.38178048,-3.0513477,0.34245452,-1.4557321,-2.9465013,-5.585142,-1.070663,-4.9807,-3.0927057,-5.519266,-3.8112102,reggae
-66.18777,97.88822,-18.8181,26.937904,14.0201845,6.0293303,9.445992,10.570344,-0.136587,8.12607,10.5418215,8.009013,3.8083315,4.0128603,2.71313,0.4244293,-4.2018785,0.1007372,0.14901488,-3.1472929,-2.0693283,-3.231488,-6.4870853,-3.2882202,-3.141541,1.0508366,4.3827925,2.2203498,1.2301369,1.6561767,2.1522803,0.03644394,-3.783417,-4.1722236,-3.9370995,-3.178468,-2.3303092,-1.2431643,-0.6378269,-1.3339612,reggae
-147.08931,120.0933,-21.591429,39.640545,6.94915,15.087431,-1.008193,15.945317,2.543234,4.5108314,0.022952005,4.332127,4.638779,4.006375,3.054718,0.5425983,-6.1399174,-1.6537441,-0.73003,0.19702502,-0.9051914,3.1110916,0.16572295,-3.9139688,-4.1468315,-5.1615777,-1.6705765,-0.31001076,-1.5007421,-1.2782542,0.17425492,0.39407924,-0.04736392,-0.9581163,0.7247458,-1.151688,-3.5425658,-4.791058,-2.245093,-0.44894448,reggae
-132.95238,117.09168,-2.7986,22.529333,25.91985,0.29016027,13.511026,3.3958857,4.522271,0.5429567,-0.07208144,5.095772,-0.15914746,1.27157,3.0685508,1.3972647,-0.5488078,0.13979945,-1.0481825,-0.040011592,-1.0914837,-0.20793615,-0.794836,-4.249241,-2.9328392,-2.131033,-5.1727376,-2.4542243,-2.2562835,1.1900529,3.505684,2.377796,2.6427705,1.5576015,-2.2568486,-0.73558444,-0.8222325,-3.8848133,-0.030883878,0.019962322,reggae
-194.80711,83.02939,-0.7573576,32.3753,2.8250601,23.16773,2.9668245,14.221725,8.545363,10.447763,7.0688815,8.804686,1.4087902,5.4087796,2.7515855,5.2473264,1.6427809,0.5076165,1.1411836,-1.5598167,-3.790588,-1.5097611,0.09043804,2.382577,1.6186752,0.57438284,-2.8281004,1.9386864,0.81596816,-0.6350475,-1.8316476,-4.4723115,-1.2627921,0.14278215,-0.24639605,1.4116488,-2.479941,-5.8669443,-6.3242817,-5.3224187,reggae
-142.78154,83.62423,21.90621,33.849457,4.624049,4.1626973,1.9368715,21.812685,-5.9423456,0.5001414,17.423235,-11.433122,10.545723,2.2018423,1.4132795,1.7545954,-1.3976309,2.0162969,-1.8893013,0.6375469,3.7690217,-0.95268583,0.82362556,-2.0849595,-2.4838667,-4.4714384,-1.4217061,-3.7317219,-0.36965647,5.259282,1.9094988,0.08668901,-4.1796265,-5.406324,-4.882541,-2.8815107,-1.6253394,-2.4413595,-3.6490119,-0.5815794,reggae
-136.78912,75.59191,-5.33347,23.440128,0.7612743,12.292592,4.4802775,5.1578503,-0.07490875,9.033965,4.902392,2.3301923,5.4751735,0.66243315,1.474683,3.8372917,-1.5902516,-1.7209573,-4.443439,-9.697896,-7.153804,-5.6569324,-3.7917197,1.4507089,2.1381986,-1.7427245,-7.2710285,-4.5483294,-4.7868776,-2.1942863,-2.7652526,-7.216036,-8.695044,-7.36004,-0.7316996,2.4817839,-0.6898003,-5.871206,-9.182297,-7.3302374,reggae
-141.76732,44.179897,21.717089,43.29201,21.74255,11.178962,3.543304,15.015563,-1.7441003,6.4359937,6.9099855,0.7032584,3.9693093,1.4794364,4.6782966,0.90257126,2.223074,3.375713,-2.6652095,0.5095785,-1.9752223,-5.5776043,-5.641961,-2.0268266,-1.680954,-0.9497049,-1.5845625,-0.94132954,-4.1602745,-2.1265926,0.7991446,0.7806116,-0.61516,-3.5219364,-4.22424,-6.3910203,-2.3742015,0.08406374,-2.9866555,-4.9822183,reggae
-94.14052,68.22994,3.97548,7.6313863,12.791034,-3.185735,-3.9074442,3.8176005,-6.121651,-0.35184234,0.33756325,-4.6744213,-3.0098023,-2.9692574,-3.1980948,-4.9229474,-5.001903,1.3904978,-2.0881765,-2.0886397,-1.4993566,-1.7674623,-2.2751725,-2.5009642,-0.647839,-2.2468393,-2.5783005,-2.202897,-2.9435942,1.3169116,-0.20172225,-0.7521471,-0.6587717,0.751932,1.221253,1.8057348,2.6761138,2.236308,0.5662713,-1.0201862,reggae
-105.88101,87.996155,19.372707,30.624931,10.024096,18.02015,3.6549273,8.923996,5.8252344,8.8736725,5.6649575,10.555122,5.901164,6.1043887,7.049708,5.0997863,4.457999,2.1786811,1.3961858,-1.2673674,1.3482889,-0.47601148,0.94177586,0.39621198,-2.0313175,-1.8165983,-1.9787569,0.44692993,3.20537,6.371346,7.3945403,4.925045,-0.38194042,-0.9010575,-4.5963287,-4.529695,-3.555132,-2.7214527,-1.4958375,-1.2338418,reggae
-105.86871,88.181656,19.302423,30.579697,9.9836855,17.954727,3.6897562,8.92259,5.8549743,8.851583,5.6235914,10.514843,5.916853,6.103881,7.0478773,5.083662,4.441309,2.1635664,1.4177475,-1.23278,1.3962519,-0.4600226,0.9053109,0.3881341,-2.0256405,-1.8213713,-1.9485254,0.46547896,3.2077458,6.386446,7.392674,4.9003954,-0.3823088,-0.90699375,-4.599524,-4.5382476,-3.548819,-2.7102425,-1.4882542,-1.2256082,reggae
-63.8221,88.25405,-27.603098,18.600967,-3.5774841,5.198116,0.9838291,8.05298,-4.396183,2.2758756,4.154456,-2.208498,10.266527,1.8743329,6.291246,4.6951003,-7.7507076,4.598705,-1.5900236,0.6310116,-6.4675703,-1.9889159,-1.2037979,-2.8710465,2.6700318,0.34178737,0.6578006,-0.29518986,1.1207938,1.4415143,0.36199677,-0.9776041,-0.78223854,0.02503424,1.060556,1.3063968,0.20864238,-0.052987065,-2.057645,0.15388526,reggae
-105.70985,76.10178,19.510614,36.709297,3.7498503,11.684267,0.0758933,7.092368,7.6598434,10.457497,0.9903632,-2.1993623,-1.5104166,2.6376312,2.1172302,1.4288856,3.8492975,5.6981015,-0.1335245,-1.5506123,2.6454117,4.545986,3.9434328,2.5799031,-2.7044208,-2.4458416,1.7917761,4.0392537,5.1885157,6.547797,8.2209635,9.482329,6.2758646,3.1481063,-0.03771921,-2.7242465,-3.6584306,-1.2201122,0.31460878,1.804371,reggae
-151.77394,105.12452,-6.1661625,47.9461,11.344109,15.087999,11.635067,6.607784,6.8175387,2.3976097,-1.0347643,-0.22057222,-0.6423186,-4.0315685,-1.7196908,-0.66756874,-6.97883,-2.4290376,-1.1788956,-3.8099961,-0.7314548,-2.145506,-4.063612,-1.3520676,-2.733997,-0.42037076,1.7998345,1.4250417,1.1138694,0.44815752,-1.0457513,-1.7735044,-1.2298632,-2.6963978,-3.6763165,-2.1357079,-0.17148337,-0.5259636,-1.9841925,-3.232591,reggae
-175.48697,78.023026,-2.5604966,52.867683,15.8424015,24.755295,5.29587,8.655302,6.6522336,9.806407,-3.3547556,4.118611,2.3579514,-3.3535118,0.7974126,-0.2639149,-6.3318634,-6.457858,-1.2566739,-6.4551945,-0.7945976,2.5687501,-3.0205421,0.0814608,2.7238078,-0.5970396,-1.3335289,0.043643728,1.1435705,0.797734,1.4316698,-1.5036739,-2.398998,-1.6387367,1.9901006,1.3367399,-0.13922402,0.48061803,-2.094663,-5.7730503,reggae
-155.67242,57.027367,-35.247707,33.286343,-14.187575,25.281809,2.5339673,4.2479243,8.487785,4.567988,2.8205197,2.5739944,2.8225188,3.6183274,-2.8702092,-7.4973774,0.19377774,-1.4596341,-2.1718602,-0.059627283,-5.925895,0.20819966,-3.6332304,-3.429878,-0.7632157,-1.2412894,-5.7650466,-1.3378536,-7.0929365,-4.7882524,0.5377117,-0.835628,3.5222464,0.010517983,-6.1574554,-2.3979414,-4.5137105,-4.4020677,-1.406104,-6.79051,reggae
-103.10472,67.23044,2.239865,28.497494,4.176846,11.87742,14.268192,14.302058,3.2598317,15.845577,8.033733,4.457916,8.679057,8.057954,7.979672,5.031801,3.738449,-0.32675493,-0.9385532,-1.0842904,1.7172806,0.6292755,-1.5906967,1.7301853,-0.5177772,-1.2603794,2.496135,3.2731118,4.1680837,2.2857163,-0.9005175,-4.433766,-4.473932,-2.7511566,0.85739964,0.45042813,-0.46856833,-3.3100889,-1.3311917,0.13392724,reggae
-115.72032,67.04471,1.9207351,29.123379,4.0074277,12.044658,13.988451,14.918454,2.299447,17.055819,7.568181,4.992762,8.547549,8.288142,7.8985267,5.850145,3.1114364,0.05498639,-1.545289,-1.2790091,1.0798234,0.5200633,-1.774657,1.8110745,-0.25751936,-1.3132477,2.636382,3.4990582,4.511768,2.7265296,-0.340555,-4.2577715,-4.404473,-2.9292896,0.73230064,0.24039742,-0.55609995,-3.4282434,-1.7359139,-0.051288947,reggae
-115.72032,67.04471,1.9207351,29.123379,4.0074277,12.044658,13.988451,14.918454,2.299447,17.055819,7.568181,4.992762,8.547549,8.288142,7.8985267,5.850145,3.1114364,0.05498639,-1.545289,-1.2790091,1.0798234,0.5200633,-1.774657,1.8110745,-0.25751936,-1.3132477,2.636382,3.4990582,4.511768,2.7265296,-0.340555,-4.2577715,-4.404473,-2.9292896,0.73230064,0.24039742,-0.55609995,-3.4282434,-1.7359139,-0.051288947,reggae
-285.9736,138.68748,19.947645,35.24512,-7.9940906,7.078869,5.40513,-3.2063923,-1.1585746,3.2082617,1.496444,-4.0358186,-6.3341928,-0.928938,-4.363625,2.8833332,1.2566572,1.9725599,0.7886768,-4.2886114,-2.4721653,-3.2097867,-1.2447705,4.0590887,0.80428416,-2.2834065,0.21873352,0.75192505,-1.5202336,-5.2059507,-0.27319512,1.7667102,0.46102422,-6.1095963,-8.362711,-1.7620823,-3.5406299,-0.6894481,4.5743504,3.5101817,reggae
-150.91211,111.76167,2.9156678,42.73335,-3.5954196,15.153263,3.4516783,0.1891777,-4.718382,3.858657,-0.88960326,-5.3516603,0.6894755,-1.2251097,-5.0513124,-5.0716324,-8.564148,-7.982334,-5.302202,-1.4553043,-0.41659924,-2.06478,0.5499965,1.5157678,3.1196399,1.0393128,0.8364065,4.3619046,-4.8506556,-8.1362095,2.4808435,-0.12556422,-4.199352,-5.7750664,-6.0781455,-1.5833725,-1.7230427,-1.2813216,-3.9400434,-1.1065189,reggae
-175.16914,116.62998,-55.129204,59.90558,1.9614096,1.0681368,14.602345,-3.231406,2.7899191,5.709691,-1.8400207,7.8743434,0.40650463,0.04450115,-1.159,-4.5109925,-2.9495676,-3.6833575,-2.5156965,-7.0522876,-4.7414217,-5.1538963,-5.8649464,-1.4136527,-1.8292489,-2.1356342,-3.0748794,-2.0162485,-2.722273,-6.9249296,-7.078537,-5.12655,-3.2298617,-0.6456026,-1.9069828,-1.2679886,-3.2090993,-4.968866,-4.4023128,-3.475787,reggae
42.11287,37.42417,-7.9223104,4.4919896,8.947957,3.530841,3.0852087,1.6274316,6.2675333,1.821807,-0.56136614,-0.39434314,1.628249,2.90749,0.3815023,-2.3099115,-4.1410394,-2.1888423,-3.3363502,-1.861262,-0.8957,1.1099714,-0.87138844,-3.256557,-1.4022522,-2.335486,0.03596466,0.13261266,1.7549864,3.0728226,2.8204992,0.90513456,1.5602826,1.2880671,-0.28218985,-1.2251273,2.7508254,1.8848308,-1.2012472,-5.059245,reggae
-110.20218,48.547993,29.644615,18.442467,-0.4723489,4.6547112,-2.267071,-6.588416,-2.1527014,-0.15998113,-0.6845915,0.5441743,1.9038584,-1.0631891,1.7236896,0.81971526,-1.6870391,2.6605754,3.1008935,3.7421093,5.0151176,3.298784,3.534956,7.0680833,3.7051537,0.77602404,4.407377,8.034226,6.3464,3.052304,-2.0696256,-0.39035517,2.682164,4.7629437,1.2209474,-2.6347587,-1.8258483,-0.471747,-3.5244071,-5.5791535,reggae
-75.2325,44.853004,10.078607,1.1481961,1.1562961,-3.1406858,0.13975976,0.07932736,-3.4337418,0.11067809,-1.928057,-2.314652,-0.0772178,-3.486144,-0.37647745,-2.7291493,2.5087376,-0.99313956,3.6319659,-2.5960572,0.19535813,-0.54142654,-4.5200844,-1.7950711,-4.8175387,-1.6652868,-1.2286628,-5.75414,-5.4755926,-5.5115466,1.0699099,-1.7996322,-2.816463,-4.1726036,-3.3180537,-3.7819812,-1.068131,-2.112001,-2.5551217,-1.0334637,reggae
-194.45694,157.13971,-14.128242,44.053368,3.4784238,17.465809,2.9772441,5.833764,3.015309,1.075528,2.5912235,0.79981035,0.649177,-2.4909732,0.8378124,1.3831848,-4.2748632,-0.53351504,-1.9673729,-1.3417829,-1.2658113,-1.7558675,0.82078314,-0.08851472,2.8462129,0.8131364,-0.8290405,-0.76475614,-2.229982,-3.5866344,-5.5276566,-0.6019718,3.2858856,5.206356,2.5426536,-0.17335401,-1.2952975,-3.2682788,-1.0355109,1.694449,reggae
-127.36403,65.991806,4.458125,30.058983,16.647373,16.524986,-6.399657,15.28876,4.620023,5.1040297,5.585709,-0.76974213,6.062219,3.7929256,-2.1860957,2.0060635,-5.561904,7.7648025,-1.5139073,5.000389,0.57718104,0.31111854,1.4841269,-0.8989876,6.5056205,-0.8584719,1.3982172,0.3617593,-0.5021758,-2.7588165,-4.734118,-4.745639,-3.3683727,3.7339873,1.6668931,0.28712198,-1.7382451,-3.0932903,-1.1746765,-2.2033498,reggae
-159.94081,92.81089,-28.709526,31.464264,-6.6107235,12.638019,0.8522681,10.961095,-2.074935,3.66625,3.579506,0.32305527,8.548466,2.839417,6.7491617,4.869925,-7.0079427,3.97035,-0.7589571,-0.32640776,-5.581556,-2.0037682,-1.0345714,-2.570104,2.9317122,0.59785044,0.55962443,0.60099137,0.8449949,1.900171,0.69672513,-0.7693535,-0.20537461,0.26521453,1.3923452,1.2754575,0.6079299,-0.11612453,-1.1200259,0.0368975,reggae
-138.1439,101.46947,-35.31705,36.162956,-9.493778,14.762183,-0.2333288,11.528228,-2.106009,3.4052167,4.2047963,0.13827948,9.009115,2.7621338,6.2368755,5.738132,-7.9380713,5.202521,-1.4864929,0.45219186,-5.8646135,-2.12637,-0.35486454,-3.4835265,3.979613,-0.0077637476,1.1819434,0.33661643,1.0638683,1.9227847,0.7543471,-0.6429457,-0.38463324,0.5230535,1.2428508,1.4653506,0.750643,-0.12373451,-0.9451793,-0.1451622,reggae
-147.45053,113.27776,-6.2796283,9.0886135,24.541445,-9.80251,13.136197,-1.99092,-2.7045507,12.230323,-4.1125245,-1.0004734,1.969945,1.4699806,0.0039846227,-3.0055423,-3.5841715,-3.8875937,-0.5127023,-3.0621502,-6.5542097,-1.1247948,-2.380812,-3.3601093,-2.0046852,0.26609808,0.84020853,-3.210112,2.8585465,-4.863196,-6.595295,-4.075722,-2.5493517,1.7399192,2.3093097,1.958322,-0.12004111,-1.7897358,-2.8765335,-3.516533,reggae
-97.762924,108.83715,-24.923462,21.319738,12.549697,7.7659984,-3.3035848,3.5284224,0.6894372,4.1955223,-9.684725,4.2615576,2.456917,-6.625021,-3.161061,-1.1035149,-4.836193,-0.11613136,-7.4346824,-7.7060375,-8.004756,-1.0586418,-7.733609,-2.5470896,-9.788665,-5.896783,-4.9472446,-1.6354725,-2.9977698,-4.5364356,-4.9976935,-4.0378137,0.3197164,1.5974813,-0.7762298,-6.2920384,-5.1756277,-6.1572714,-5.4506416,-4.7512956,reggae
-69.031685,79.13812,13.089321,29.371021,0.2655617,4.15653,-0.4426138,0.18855526,2.8111446,0.5979991,-2.7980497,-0.51655084,-3.1858015,-7.214459,-4.411958,-6.804216,-9.37836,-2.347947,-5.95103,-7.3565593,-3.7573152,-1.5714976,1.1607703,-6.3500295,-3.9931006,1.2006449,-2.9810386,-2.9427602,-3.785226,-3.6160703,-3.3941956,1.3651394,-0.5892258,-5.5678167,-2.8102217,-4.81826,-3.4353054,-3.7271752,-3.9623945,-1.4474144,reggae
-167.0121,116.64275,-44.190365,70.50381,2.320695,16.017593,12.503347,4.1003556,5.3281403,4.525841,7.307661,7.587458,2.906153,1.4778134,1.1352507,-3.127623,-1.9610994,-1.0093392,-4.656004,-4.956987,-4.252604,-6.13269,-3.7279117,-1.798562,-2.699785,-1.4451264,-2.3036895,-0.68327856,-3.3607476,-5.895808,-4.3301373,-1.7466334,-2.1804986,-2.3980198,-2.667578,-1.3095888,-4.265157,-4.6196766,-2.2121599,-2.344735,reggae
-142.7909,103.117455,-15.232358,38.268044,-12.985987,2.7495263,-1.675033,-3.4322703,-4.448259,-9.285493,-10.124065,-2.116807,-4.4709153,-7.905639,-3.7472816,0.50961614,-5.032232,0.30626717,1.5896962,1.2246901,1.0394359,1.0516957,-1.4941363,-2.3534522,-2.4968195,-0.2029287,2.8452938,2.2841036,-0.56126505,-3.0892885,2.5793357,7.3045235,-0.6151843,-2.0874047,-4.09517,-1.3328668,-1.4219245,-4.1505156,1.8741443,2.9339979,reggae
-134.68275,93.56442,8.52157,34.86943,3.2855153,15.515956,4.9638395,8.545496,-1.2880833,2.7348347,5.0694065,11.86001,4.410373,2.062867,1.3174813,0.2947641,-2.326158,0.3839459,0.9154463,-0.4409345,1.2191867,-1.1732738,-2.6917148,-1.7125456,1.7012652,2.15216,-1.8721268,1.0444713,1.3528206,-2.521272,-8.782103,-4.8785467,-0.028209839,1.5463997,-0.3905851,-0.9717859,-0.024000257,-2.0995042,-1.3833561,-1.472805,reggae
-67.13854,80.72981,-43.87338,57.724434,-12.790913,33.593773,-7.733453,14.1250515,-1.2325957,7.4195833,-2.03643,6.1105623,-6.631474,-1.0051322,-4.763684,1.052848,3.4916236,4.5339885,-1.2926301,-3.1491413,-4.5408545,-0.4540491,-3.1383204,-6.1595807,-10.70483,-6.084899,-0.30976474,-3.283905,-8.722206,-6.9890485,1.6720972,4.8940015,-2.4174597,-6.6101813,-5.689301,-5.8247805,-9.625561,-4.415377,2.2586975,-1.0830986,reggae
-116.63066,109.27817,-23.151485,40.68846,-11.896856,23.155596,-15.398658,15.127643,-13.522637,12.695952,-10.886425,8.505531,-11.57876,2.1894634,-6.196372,2.0095913,-7.949274,2.0847383,-2.386689,-1.5323056,-2.616584,-0.42104724,-3.0296807,-0.82212627,0.10484659,-2.724875,-1.1765338,-6.56377,0.8122536,-5.9807673,-0.650441,1.823712,-1.9086916,-2.8536074,-2.2244408,-0.07418687,-3.6154535,-1.3509761,0.26171574,-2.907942,rock
-111.17635,134.16852,-24.66732,41.557487,-3.073013,28.49442,-10.584973,14.932527,-14.398836,8.850727,-4.5540066,9.94825,-4.6702332,3.6337464,-5.548107,3.369797,-4.9497495,-1.4712832,0.09478977,-5.328055,-3.8521032,-5.069426,-2.5454106,-1.0238432,-1.2112036,-3.3951876,-2.359974,-5.9540424,1.4342567,-5.2179165,-2.541965,-2.8963308,-3.9689548,-2.778911,-0.10597451,-2.1380508,-1.1085808,-1.5664835,-0.47274715,-0.04090206,rock
-120.49428,117.59749,-27.599688,42.82584,-6.756322,21.662518,-12.098573,17.943407,-10.448061,12.274321,-6.567336,13.528419,-2.413079,6.703759,-3.1467266,5.470716,-2.2395399,1.0572805,-1.651923,-0.04232547,-2.09694,0.06450015,0.32676816,2.2492826,2.1369815,-0.49895835,0.41484737,-0.24623528,1.7727644,-2.4005535,1.1907775,0.35156825,1.2921556,-1.1851254,-0.87019384,-1.0621444,-1.36539,-0.3323099,-1.1342525,-1.1707766,rock
-156.60326,130.69366,-1.4667771,36.238716,0.37273517,31.98139,-0.62276393,20.141378,-11.335083,13.838639,-3.776273,11.534399,-3.2221894,5.0622387,-1.7910414,3.5396824,-2.451262,-0.7277509,-1.4179354,0.63153225,-4.115905,-3.4732406,-1.5140191,-0.12134951,2.439953,-3.0509202,-1.5447029,-3.3806658,-0.52237564,-4.1907477,-1.4145501,-2.9765117,-1.2650037,-0.62874305,0.38642737,-2.3211684,-2.314394,-1.4537257,1.1058863,-0.30921063,rock
-127.97257,134.44722,1.0256684,54.43773,-0.46697676,35.828342,-10.860185,16.379753,-10.032896,6.6001406,-6.6998053,11.046619,-8.382891,2.1126204,-6.3423553,0.99546075,-5.329534,-0.8412493,-4.668554,-4.7869077,-3.6466458,-6.1684737,-5.650953,-3.8508716,-3.21548,-6.0842113,-2.902017,-4.605948,-1.5451512,-4.7781644,-2.667482,-2.4216678,-0.9912991,-1.715136,1.3907281,-0.7159856,0.43338546,-3.2661965,-2.4351523,-3.622038,rock
-62.381718,153.7731,-55.11629,28.017727,-6.8514705,17.47647,-22.606953,18.144703,-12.586429,4.494896,-8.387155,7.2041183,-2.5257893,4.835434,-6.2755365,-0.7264994,-2.2768297,-5.245155,-5.220955,-6.282929,-2.3113372,-7.9738884,-5.282476,-2.0913925,-4.109405,-2.7057595,-2.035281,-2.1140924,-2.199698,-5.192215,-3.979347,-4.0409346,-0.8929611,-2.9752114,-3.7453716,-2.9514275,-1.400059,-2.0927258,-1.2986315,-3.4663007,rock
-98.379135,136.61774,-46.718246,46.476067,-17.166424,10.52016,-14.581245,16.550787,-12.337286,3.6909735,-12.654891,2.9554558,-12.512315,0.097405635,-0.78016067,-5.6959467,-8.634934,-1.901795,-2.187008,-3.3913445,-3.0366135,-4.2498026,-2.678888,-0.62346447,-1.9498042,-2.4211936,-0.99978167,-6.3218966,-1.9970286,-6.356727,-2.6393409,-2.8892524,1.6982229,-4.376801,-1.8540608,-1.6762393,-5.0453105,-2.835853,-1.641845,-3.3170516,rock
-140.44441,149.30034,-10.059852,38.74818,1.5280162,20.12901,-11.331474,16.29449,-13.257334,10.190117,-9.253555,4.7002983,-8.369613,2.2758238,-6.5116615,-1.624957,-6.491124,-4.7229056,-2.5751228,-1.7881634,-2.190856,-3.3052144,-4.7999277,-1.956714,-0.03583684,-4.1509857,0.19124243,-2.97686,0.49062383,-6.575641,-2.4226902,-2.663243,-4.170205,-2.0420508,-3.515247,-5.442797,-1.1100328,0.87910354,3.44083,6.2028913,rock
-14.937181,138.4251,-41.898537,22.075092,-18.672731,31.99365,-20.37348,15.692359,-17.35271,14.868898,-8.898109,12.249726,-5.82301,9.966224,-3.1668842,1.9740739,-6.924239,3.1174815,-2.9878943,-6.6786566,-5.641034,-5.2414002,-5.6194654,-4.5181365,-1.8865331,-2.8600976,-2.0370054,-1.3702126,-3.406981,-6.6955695,-3.0491407,-1.7192209,0.67078733,0.42748815,1.6857228,-0.34908426,-0.14746481,-1.1145898,0.105744444,-4.923607,rock
-178.59238,153.9898,-4.9495,21.926918,-2.0618477,23.677855,-1.2919359,11.558475,-6.0403795,4.955241,-2.9516737,5.40618,-4.1217046,2.9820895,-5.323764,-8.825106,-11.073638,-3.212779,3.8551219,3.5541477,0.28897727,-7.7062807,-10.783171,-6.135292,-2.0398908,-5.515983,-1.637219,-4.345225,-2.5569808,-3.3761773,-4.246423,-3.9630997,0.45360205,-0.9052123,-3.4173377,-5.127866,-2.6146603,-1.1950334,1.1610347,-1.4262179,rock
-108.98643,114.95591,-5.198552,46.206585,-9.133127,20.515318,-17.025162,24.214722,-8.057453,13.438206,-18.381256,8.588361,-11.40596,1.8842732,-10.553585,-0.25984254,-11.800166,-6.5043535,-4.3081517,-2.740076,-6.154536,-1.3650854,-2.6361182,-3.9468224,-1.339072,0.58452153,-2.245043,-1.1158568,-1.2378461,-4.292727,-1.3410287,0.8431522,1.501851,-2.6053936,-3.1714365,-3.3989334,-0.5608624,-2.8737762,-0.13024314,-4.2314067,rock
-169.73999,119.115036,7.1710987,53.430897,4.1419325,23.13069,-5.7138543,24.995337,-9.326624,13.470993,-14.286962,5.9543915,-13.598769,0.7701724,-10.468751,0.08046682,-4.372727,1.1727645,0.48742908,-5.829122,-10.719897,-5.234153,-1.2192413,-1.333012,0.64430815,-2.6333323,-1.7788275,-3.7761571,-1.4959924,-1.245079,-0.14485972,0.9449978,4.756969,6.575989,5.3225293,-3.7021,-4.7801785,-1.8652453,-1.5897756,-3.6531136,rock
-204.65546,107.00343,-10.197387,45.559887,3.03639,24.009134,-7.5013742,20.058529,-5.1709266,8.742727,-10.101094,4.3654666,-6.9596434,4.6930146,-8.222786,-0.82612133,-9.62869,-7.393809,-9.437464,-3.1371021,-2.4117281,-1.5287496,-3.4679828,-2.617842,0.19920143,-0.3467161,0.9809041,0.37126884,2.0580819,-0.6030397,2.1011684,2.3705642,3.990954,-0.39465284,-0.13402861,-3.0942562,-0.97239584,0.8840986,0.8476246,0.9167229,rock
-211.2083,95.768036,40.58083,68.30281,5.3151,30.973612,-5.270473,22.828842,-1.615061,17.489037,-11.487266,8.734695,-10.4560175,5.72383,-7.8924246,3.727533,-6.627519,-1.2788163,2.7943082,6.274991,1.1446896,6.5094647,5.3999643,0.676171,0.8339057,1.3988739,-1.4111211,-1.4218931,4.3451457,2.1141827,3.9065464,3.7048922,-1.262373,-1.6976109,-3.9733608,-1.958645,2.4073198,0.7544498,2.43862,1.3872582,rock
-256.5845,103.170715,-8.463653,48.59315,-4.183111,17.341555,-6.6681957,17.038635,-4.59912,5.321588,-10.013156,8.242727,-6.1991887,3.4362082,-3.646894,1.6950732,-5.4100895,-3.2497907,-3.8716667,-1.0307319,-4.33695,-1.8102442,-1.1409348,-4.5554833,-3.2049103,-2.811788,-0.7565174,-3.203278,0.9588736,-1.877185,-2.9277413,-3.3960247,-0.32517987,0.70969576,3.5421247,3.2237556,4.4786158,0.42659128,-0.5526323,-1.3909967,rock
-174.94176,90.89378,-18.696543,41.621613,-8.882181,9.09759,-12.460492,13.123887,-9.697834,4.3378367,-13.489968,6.743155,-10.383936,7.1506324,-5.797456,0.79926,-8.139413,-5.7164297,-3.364279,-0.42180857,2.4232788,0.39711994,3.248616,0.7093068,4.5887794,2.2532954,1.4699055,-1.2175218,5.481093,-1.654333,3.3862336,2.045737,1.66618,0.32863888,-1.1755596,-0.8949175,0.0955678,-1.3089572,-3.6467717,-5.228898,rock
-15.687386,100.098274,-37.590458,45.971,-20.773737,25.637007,-18.64387,26.516623,-20.16317,21.12962,-13.649135,10.978789,-15.535993,3.681421,-7.7146096,3.9337354,-8.12184,6.9547653,-2.0548267,3.9079614,-4.592529,0.54871714,-5.3724794,2.154189,-2.8774083,-3.7803187,-1.786528,-0.93278384,-3.4556897,-1.2932264,-1.9091138,-1.7909404,-1.1167448,-2.4956279,-0.6153188,-2.7353995,-0.19811615,-2.0715327,-1.1672298,-3.7816358,rock
-41.43264,105.41607,-43.950485,54.109116,-18.417747,23.525932,-17.617792,20.664488,-18.462946,17.481684,-15.181072,11.308916,-14.158968,2.833207,-9.479149,3.3370903,-8.2062025,3.6953042,-3.6791863,-0.16169909,-5.64044,-0.40275928,-0.97111356,-0.25892317,-1.2697256,-4.5694995,-2.319071,-3.900634,-3.9876614,-1.2240746,2.1082544,-1.656518,-2.869993,-3.61769,0.63524896,-1.66821,-1.1595656,-2.6225464,-2.40691,-4.8867326,rock
-67.55526,109.12109,-32.731327,45.65722,-11.699701,27.494364,-16.341742,22.087679,-15.454766,19.404108,-11.62111,11.591024,-10.5210705,4.4448233,-7.010192,5.037844,-6.7615237,3.813023,-2.6553214,-0.05549213,-3.407913,-0.50237477,-3.549601,-3.106097,-2.0041242,-3.5457184,-1.1138154,-2.179598,-1.5135704,-1.1251647,0.23008688,-1.6996266,-0.46953708,-1.8265433,0.13402316,-2.9790618,-1.1693691,-2.1700013,-1.1098968,-3.6069608,rock
-84.21731,102.35073,-41.346844,47.03288,-16.961946,26.242182,-18.962618,18.802517,-21.695797,11.055486,-19.242598,5.239128,-16.765686,1.1029652,-9.672752,1.0961795,-7.5460677,3.2413175,-4.718833,-0.3140651,-5.589136,-3.02406,-3.8501596,-1.4968696,-4.8773203,-6.2753677,-1.3748341,-0.6341737,-4.069413,-2.357767,-0.57929295,-2.3519163,-1.0382811,-0.638699,0.99899507,-1.7473768,0.85447216,-2.942587,-1.7668453,-2.9588902,rock
-56.94345,115.210526,-30.444605,37.203808,-21.994804,21.870764,-19.77065,14.999988,-24.074703,17.787262,-17.27864,6.7524276,-10.744573,0.82344145,-10.163564,3.6828911,-8.563292,-0.9132154,-2.5268016,-1.9751105,-3.7213025,0.53791094,-1.4305408,-2.5074506,-1.0723838,-3.3281817,-2.6538982,-2.7336853,-0.70155066,-2.0403826,-0.14670622,-3.7348874,-1.6787809,-4.0076528,0.16633484,-2.8240142,-1.4096044,-3.0674605,-1.9658917,-3.9248455,rock
-55.33061,114.44246,-34.06889,37.984398,-22.331318,18.526556,-18.157928,13.806143,-27.803474,18.161308,-14.623385,6.5552106,-8.269667,-2.2520103,-11.609422,2.499924,-10.946987,0.7085563,-0.68018126,-0.06256245,0.09953164,3.659896,-1.7996118,-2.7572427,-0.29028141,-2.8040593,-2.4362762,-4.204385,-4.2556143,-6.1389875,-1.7071191,-2.8953888,0.5684342,-2.6519957,-0.26597458,-2.145021,1.4192138,-0.7425741,0.34190583,-0.712268,rock
-34.62348,106.51091,-41.074825,33.66884,-27.234531,21.39769,-21.319239,14.007782,-27.776123,16.06719,-18.824478,5.6543665,-14.290796,0.82021254,-10.535016,4.4421945,-7.468857,2.071863,-2.9032283,-0.3614606,-3.6552165,4.377007,2.0386095,0.14452957,-1.9387705,-5.403964,-4.6671004,-3.4742322,1.0074667,0.319145,-0.38393274,-4.58243,-1.4727725,-2.201534,0.81755143,-3.564404,0.08679579,-0.31039596,-0.3968166,-5.75843,rock
-88.292145,105.392944,-24.510702,41.848503,-22.37644,23.734203,-19.802425,15.150589,-27.119736,13.858993,-15.214507,8.941474,-12.80437,-1.1132363,-10.047708,1.7845206,-7.3529396,7.1009984,0.59577584,2.513125,-2.163593,0.20388785,-4.350031,0.5980783,-2.6888692,-6.1233425,-2.771965,-2.8635774,-1.1007888,0.6510767,-0.9157218,-5.329998,-2.7411928,-3.0522738,2.5134122,-1.8795341,-1.5888889,-4.4785514,-2.6583478,-3.9457948,rock
-52.499744,99.70246,-47.394753,47.022385,-21.031916,22.886387,-18.293646,13.89262,-23.449203,13.509938,-18.669529,5.7055564,-12.89633,1.1990861,-12.41732,0.37735572,-9.145067,1.5957419,-4.1226177,0.30867353,-2.0380433,0.05582702,-3.2103722,0.89769906,2.0352368,-2.7983878,-2.3797672,-3.787962,-1.2254536,-1.1617963,0.73735285,-3.5668468,-3.5775535,-2.8422256,2.4557788,-0.95608664,-1.6781774,-3.5493836,0.47389755,-0.42935005,rock
-47.051174,95.76596,-43.925434,52.077534,-22.552746,20.855412,-18.687845,19.244207,-21.265245,21.887392,-19.218746,9.456286,-12.5822935,3.8869054,-8.500132,6.2726574,-9.128362,2.6871696,-2.443376,-1.8786502,-5.087819,2.5812156,-3.1024897,-1.4521797,-1.9605733,-5.6766753,-2.0103967,-0.70100605,-1.2117301,-0.5122418,-0.14508772,-3.224163,-0.30235842,-1.7348042,0.39084652,-4.017038,-1.4828405,-2.5667248,-0.56640244,-4.040498,rock
-58.96633,106.565315,-31.794184,47.919727,-17.430265,27.756453,-14.035484,22.419859,-20.562475,19.568918,-14.586194,10.188967,-10.941551,4.5254526,-9.733946,4.6158075,-10.116572,1.4642454,-3.0028913,-0.6160972,-5.9139647,0.33755425,-2.5902305,1.6577336,3.2603405,-0.2981895,-0.76603574,-1.6736954,-1.4401509,-1.8235061,-0.6094841,-3.6140878,-3.6073759,-3.1111162,0.6519753,-1.6006937,0.5303688,-1.2928566,0.015813397,-0.5638887,rock
-123.34534,74.88168,-17.058035,31.609985,2.5446815,17.32831,-3.8152325,9.7234535,-7.237524,11.2586565,0.3819888,3.4685218,1.663686,-3.1594355,-1.0820168,0.31572545,-5.9876003,-0.31926414,-2.3376036,-4.321616,-0.13686892,2.0907748,-6.2841387,0.6495445,-4.4800506,-4.7778277,-4.079479,-1.1052153,-2.1849217,1.3117033,1.9755279,-4.0975647,-3.3831084,-0.7248744,0.29349384,1.711253,-0.8618837,0.6796056,-2.2045586,-1.1361071,rock
-92.62163,101.8119,-33.467396,48.702248,12.402112,20.80687,8.704763,9.274925,2.7675457,5.239055,-9.331888,-3.4845622,-4.3514476,-4.6579022,-3.9693062,-3.1256864,-7.000376,-0.3966833,-1.1515988,-6.0074587,-4.2324286,-0.9606806,-2.6398988,-2.8874934,-3.9204943,-1.3807001,-1.9034358,-4.7148952,-2.4570081,-0.031406745,0.6475836,-0.7179485,-3.738853,-2.5213716,-0.5681677,-0.14889511,-1.6942762,-1.7405486,-0.85604763,1.8802078,rock
-42.44762,85.069405,-7.393643,40.71379,-1.0123374,18.935547,-3.5306551,5.8736205,-5.017307,4.2433105,-3.18037,-0.57210773,-0.5273756,2.3468528,-0.36309695,-4.098454,-3.8541589,-3.9137459,-5.782468,-4.328388,-2.6852982,-4.493651,-3.4905858,-4.3892365,-2.4841285,0.67547834,-0.621616,-1.9586078,-3.085535,-5.9774437,-3.450818,-6.483944,-4.7920585,-1.495243,-2.0595353,-1.1687998,-2.428497,-0.37806377,-0.32646576,-2.1235356,rock
-131.44667,67.71616,32.899063,34.58986,-3.2580535,21.883932,-5.811073,10.241139,-7.0569263,2.2975733,-4.3679585,-3.330299,-6.280027,-0.23067866,-1.9748887,-1.892943,-0.87942994,0.95149106,-1.5379333,-1.1708617,-2.0788105,-5.8182163,-6.2528043,-4.631396,-3.482812,-2.7548797,-3.3915665,0.15366004,0.5287007,-1.0879719,-1.0808877,-2.2055492,-5.2510204,-3.731384,-4.040235,-4.101635,-4.3931675,-4.6211195,-1.2547239,0.57533985,rock
-89.13876,81.39791,-12.569812,22.792751,-7.059605,-0.49249193,2.775772,-3.4295094,-7.7128286,-0.8480601,-4.887398,-2.6848652,-5.287197,-4.5962753,-2.9684243,-2.2058465,-3.5681212,-1.0009714,-0.501564,-0.9720014,-2.3165963,-2.6594665,-1.9542323,-2.7910705,-2.762651,-2.3102143,-2.6632254,-1.1968997,1.1715869,-1.5245699,-3.47646,-2.262051,0.5290376,1.8326688,3.799235,2.0412092,-0.722002,-2.7949464,-2.8794086,-1.8023902,rock
-26.406458,85.79429,-16.961445,35.260883,10.0001335,10.668921,1.4469968,4.7106347,-0.047283113,2.070588,0.42054668,5.425936,-0.9531182,0.4848045,-1.5262778,-2.4637327,-5.8784075,-1.5509747,-6.817296,-1.3808378,-1.9471658,-0.27914897,-3.084514,1.0974336,-5.277687,-2.0317297,-1.1852582,0.9716966,-3.833532,-1.4482884,-2.066367,0.30142286,0.34227222,-1.0111623,-2.112226,-0.43055755,-3.2743425,-2.467701,-0.9580133,2.8179157,rock
-119.11726,128.928,-17.856236,29.175467,2.7212582,8.001319,-7.058392,3.8778896,-1.508171,-3.9838588,-7.040401,-2.867053,-4.1777964,-1.8459401,-2.9485059,-2.2536001,-0.5701702,-0.09753928,-2.7966611,-2.6330163,-3.516981,-4.4727063,-3.8473856,-4.1982484,-2.557717,-0.94868547,-1.7136091,-0.011521945,-1.0493839,-4.5624137,-2.623234,0.89727104,-0.20173858,-2.0567899,-4.0996485,-3.794117,-1.344047,-0.878051,-1.9656917,-1.2105153,rock
-28.089369,65.62969,-7.35323,33.593567,11.073499,14.760504,2.1976204,10.063779,-0.32938403,10.1363125,-2.7488217,3.1914701,-1.6832663,-0.15931499,-1.6892452,1.850086,-3.969614,-1.6286492,-6.3913174,-3.8662076,-4.094206,-5.2279797,-8.456257,-5.199787,-4.929051,-2.6651056,-2.4433837,-1.2100958,-4.2702327,-6.297681,-1.5747007,3.335803,-1.9354012,-1.0135058,-3.0161095,-3.3915634,-4.4025803,-1.7592477,0.35524762,4.5992646,rock
-124.00577,109.503204,5.8832054,32.884655,10.982734,11.693243,12.679996,12.969646,1.6491059,4.5024424,9.673786,3.0551999,3.5307927,0.7348747,1.7676072,-0.6809697,-0.039916117,-1.0109476,-5.559717,-0.84976196,1.6282084,0.33949253,-0.5230994,1.967335,0.8828983,-0.31617737,1.734221,1.4916502,0.78230214,1.8549747,0.5591245,-2.2246125,-4.0446205,-3.3160503,-0.7408634,-0.7613053,-3.90664,-5.3223734,-3.4815602,0.5674276,rock
-0.45102072,72.64673,-13.214342,23.930399,10.373189,10.31697,-4.9242163,14.358382,-0.67119634,9.922937,0.7018817,5.2240458,-4.06671,0.3613387,-0.31027025,-1.3569223,-6.1766877,1.0102044,-3.3962116,1.3683001,-0.16948518,2.131964,-2.2055085,-0.569714,-6.251549,-2.8370852,-1.4768173,-1.508161,-6.508027,-3.6136713,0.14976186,1.6970536,-2.5177355,-1.8970944,-2.0609736,-0.7244353,-2.0383885,-3.4258919,-2.3927248,2.8273778,rock
-71.16524,79.446724,-20.793612,30.656105,5.5383873,3.697484,4.694747,7.2714033,-5.4861765,2.4909718,0.8379978,-0.583319,-1.8935434,-4.7858295,-3.0449233,-3.8708224,-6.898971,-3.7814965,-4.804478,-4.8063464,-1.3690283,-1.594592,-6.161057,-6.29845,-4.465069,-3.892151,-0.8549842,1.1778336,-1.5252992,-3.5326717,-2.998305,-4.707124,-2.008082,-2.388389,-2.6997828,-1.3612843,-1.1545379,-0.29783398,-2.150451,-3.1087456,rock
-15.92807,67.15309,-20.1219,15.576831,4.8012633,10.825858,5.9594,11.79642,-0.39681533,5.6550355,0.11372397,1.097924,-1.7415591,5.704884,-0.59419155,1.7240587,-1.5776424,1.5810982,0.41281506,2.9387238,-4.664159,-3.1862786,-7.382956,0.04037079,-4.252435,-1.2919282,-0.9339869,0.757191,-0.7266967,1.0773661,-0.07821804,-2.201502,-3.4018433,-1.6231164,-1.265526,0.3610237,0.57787514,1.6847793,-2.2675924,0.4782877,rock
-50.866234,86.39504,-14.416372,12.843614,21.69903,4.2386103,1.7381626,3.7064326,4.6919465,-1.86301,-1.1926677,-0.010121325,-4.1189137,-5.764848,-1.0660442,2.3003082,-1.5742458,-3.8516483,-6.1434116,-5.3746514,-2.3658445,1.0673398,-4.542997,-3.368591,1.6929244,-1.9051921,-1.9359474,-4.2149053,-1.4521801,1.4797612,-0.54099756,-1.1918716,-0.28717273,-3.7596443,-2.9097958,-1.6182971,-2.144407,0.92624575,0.8893287,2.2950974,rock
-65.988464,61.27697,-1.9339222,35.323074,9.3201885,7.5695205,3.415293,2.9780252,4.6153226,2.916524,1.774064,-0.3926038,-5.753547,-3.4833171,-3.684191,-5.7191563,-3.9535744,-3.0872214,-2.726866,-0.91234565,-6.8013587,-6.5715923,-0.7732704,-4.263427,-6.4771,-4.491233,-5.6787467,-2.5071607,-2.1502602,-4.170251,-4.545545,-2.9630156,0.20897166,0.73212206,-1.3178804,-1.1362731,-2.629862,-2.04019,-1.3312949,-1.5419816,rock
-35.39913,73.67545,-20.210777,17.162956,14.95129,10.214682,7.6044693,1.5989147,4.177347,0.7355448,-0.3854458,-1.3131807,-2.0491898,2.5269115,3.6032965,-3.539565,-4.7911935,-2.5054595,-3.9842033,-0.82724786,1.3782579,-3.2781131,-10.700449,-6.774843,1.3890642,-1.3116736,1.7112132,1.7484399,0.3415449,1.5857874,-3.0357196,-0.6903027,2.1384706,-1.2713188,-3.7504935,-2.1437402,-1.9608968,-0.64078647,0.19577774,-1.4331886,rock
-74.19892,76.74987,-3.8123212,28.032583,8.144329,6.0188737,4.3061314,0.5052438,2.8562195,-0.94191927,-2.3505528,-0.2828635,-1.4562795,-3.6081467,-1.5266333,-1.5142529,-5.0189962,-2.3985133,-2.977654,-4.94984,-4.144725,-0.8510987,-2.3893888,-3.0374217,-3.3503966,-4.319905,-0.58181155,0.7453722,-0.23581965,0.21875687,0.12936026,-0.072218664,-0.18180984,1.0030885,0.89282054,-0.57923037,-1.2906575,-1.0067995,-2.2834022,-0.8302281,rock
-62.079945,75.84869,-26.757467,18.279894,2.452302,5.8261957,11.583856,0.009005898,8.69518,5.51441,-0.25100031,2.3990037,-1.7422585,-3.1716585,2.005428,-1.4090079,-5.5262985,-2.5283453,0.61924934,-1.4051203,-7.5165257,-5.918054,-1.5284239,-3.6749773,-2.0437207,-3.6608849,-4.0337973,-2.5192783,-5.3737545,-5.3287983,-1.503527,1.3842461,1.3210201,-0.43943068,-0.4718937,-2.292857,-3.7110596,0.32898548,1.8065393,-0.95125103,rock
-118.357124,130.22548,-3.0720034,15.7343025,3.9399164,10.663591,6.834913,3.3929513,0.76198876,-2.5365586,-3.1070428,-2.8583639,-1.6224067,-0.20532198,0.73339415,2.0148191,2.0788784,4.1505575,3.1571188,2.2541373,-0.034398034,-2.9618454,-3.9932215,-1.7188495,1.3026971,1.1109202,-1.6782019,-2.365226,-3.4053795,-5.793116,-3.249604,0.7372952,1.659616,-0.67947817,-4.383524,-4.558781,-2.7302458,-1.0760837,0.9856682,1.7277067,rock
-172.59167,142.76537,-55.78309,79.31112,-1.8683821,4.811142,0.23752743,-11.501947,-0.27545616,-9.37254,-7.673829,-11.250281,-5.676462,-11.295421,-7.6816225,-4.2779303,-11.279209,-7.829242,-7.7251334,-8.160577,-8.156342,-2.4424622,-7.7594733,-11.312214,-6.5198455,-5.112407,-4.3575253,-3.5206227,-3.6408653,-2.080903,-0.41437194,-1.0106287,-0.57504255,-4.305386,-4.070384,-5.3968334,-4.2849283,3.501439,0.50390506,1.5335934,rock
-83.093346,91.52499,-13.697013,16.139076,10.334053,5.5303426,-9.448829,-6.6147943,-3.031773,4.9391313,2.6464746,1.0551014,-3.667946,-1.6078455,-4.42887,-1.859618,2.0090718,-1.0240622,-3.1773005,-2.29258,-6.671746,-7.620829,-1.9745913,1.086378,-2.7397602,-2.7224517,-2.4029863,-2.0615492,-8.854925,-10.990389,-2.1637056,1.5093322,0.053058755,-4.595958,-5.413034,-5.3971453,-4.0898423,-1.6581982,-2.3013139,-4.212024,rock
-58.28948,62.493946,-12.665307,31.92991,8.108557,2.2520819,3.90143,1.448105,-2.7169504,1.1021155,-0.4605377,-2.3829656,1.2428724,-1.4979297,-0.46996656,1.0395392,-2.0701604,-1.5083193,-3.2080479,-5.061896,-7.381558,-4.296754,-3.5444524,-4.9853835,-5.1525397,-2.6404233,-5.945226,-3.559056,-0.80484074,-2.8219438,-3.1307588,-3.4285734,-4.7254934,-2.5176487,-1.6257181,-0.98545474,-1.9099658,0.017097827,-3.2024696,-4.2009215,rock
-93.35921,137.46544,-45.092747,37.819134,-9.423071,12.591269,-7.4945707,5.5483747,-3.7386365,-2.014053,-2.458912,-9.575428,-3.1775432,-5.5713496,-7.5064034,-5.6773906,-2.0041285,-3.8710022,-6.218141,-8.103474,-8.043059,-7.872727,-8.603074,-3.6595247,-8.904234,-5.2051234,-2.3879945,-5.677351,-0.6338871,-7.9956765,-2.0758827,-0.58487874,-1.5616018,-2.5212407,-4.9656224,-3.2913263,-5.5228434,-4.0265284,-6.597579,-2.9903955,rock
-142.48468,116.16892,2.269467,31.065384,6.1926603,0.11036252,0.31725284,7.794024,3.2462354,-3.022173,1.7105086,0.74264693,0.14290626,-4.416969,-4.471246,0.51342785,1.2327409,-0.1589148,-2.616297,-4.449161,-1.3047324,-2.8363051,-3.4979033,-3.9915662,-3.2610838,-2.1183631,1.6536748,-1.631503,-3.8673968,-4.0776587,0.10618908,1.1820711,-5.4066424,-5.863954,-4.355868,0.45895687,1.2743806,0.41846743,2.6304932,1.2101741,rock
-145.0086,118.483894,20.53221,28.56977,2.35255,10.085842,11.913154,4.8564005,-0.06745925,3.293767,3.404333,3.6531587,5.3712893,2.2605515,1.873062,0.8674153,-1.1843064,0.8131391,1.8204097,1.797177,2.2537868,-0.3605104,-1.577341,0.47185183,-0.44421434,0.94145554,2.6458526,-0.048551247,-3.320773,-1.6071082,1.6647991,2.3689265,-1.537162,-2.9642122,-2.3025174,1.6387655,3.4697516,1.8981909,-1.8812951,-1.8506776,rock
-66.34945,66.78922,25.184574,26.302906,5.30007,10.462487,2.478275,0.75630563,-0.37080544,1.7285492,3.213731,5.0367546,-1.9407184,-3.075081,0.38418493,-0.7763853,3.7200177,2.4019527,0.20658386,-1.6939887,-2.1854892,1.4739858,0.8825012,2.1885107,2.4305782,-1.8519737,-1.9395894,-3.972051,-4.9999943,-5.7585783,-3.1699593,1.2329228,2.3966858,3.3359246,2.3136342,1.7289861,-0.23380733,-0.8057177,-0.84792733,-1.2704465,rock
-181.25508,103.40521,9.393452,19.0761,13.7934885,-0.49876645,4.3651223,-7.6066046,-8.104535,-0.14550003,-5.163272,-6.3069296,-5.4644313,-5.9768987,-1.1781268,-2.6688554,-5.1849394,-5.285638,-5.7971735,-3.718739,-1.642796,-2.1585715,-3.3442795,-0.6138424,-3.4615982,-5.388159,-2.130752,2.328139,4.6466947,1.7952977,-2.0396469,-1.1619841,1.36156,6.0738106,7.8450766,4.0625157,-0.15910809,-1.7974086,-1.1912316,0.8070687,rock
4.066039,52.615936,-11.04076,19.70849,11.2908325,7.0625377,5.0640187,4.561151,0.028141305,5.1483927,3.3997617,1.1702251,0.5825346,1.2787391,0.7192796,-0.8079882,-3.0096502,-1.706633,-1.6908512,-1.2908862,0.44304526,-4.103092,-4.630325,-0.98615456,1.1133296,2.0125782,4.286558,3.213474,-0.5685861,-5.0558686,-2.204999,-2.79615,-1.8425405,-2.8294098,-4.324144,-3.1239798,-3.035682,-0.9342675,2.8583436,0.050795138,rock
-156.23691,75.612015,-16.506853,16.341146,5.819572,6.018424,-4.1331725,-3.7573888,-6.1688933,-8.92888,-4.102285,-2.2225192,-4.650421,-5.4141636,-4.688722,-7.0821447,-3.8898087,1.3867227,-2.0099483,-4.728931,-1.3952414,-2.0783067,-3.145618,-2.699348,-4.1923923,-3.068385,-1.6004121,1.6971235,5.4113927,-2.0474389,-9.734161,-6.575853,1.8682445,6.7822146,2.9765813,-2.1821353,-1.3681732,2.2677376,-1.4503644,-6.3446994,rock
-91.89978,130.00647,1.7901882,11.658318,3.2286391,-1.9668543,-2.2121937,-0.859142,-4.3378644,-3.54686,-1.5544235,-0.54676145,0.40629062,-1.6508831,-4.5706444,-2.974743,-4.2806687,-2.6867945,-3.5489154,-1.4507276,-2.9112544,-5.898963,-5.648028,-5.3443327,0.08911046,-2.786338,4.335472,-3.6773133,-2.320474,-6.211719,-3.2618706,-0.22752081,-2.0574434,1.0776579,-2.695143,-1.8454739,-3.6105459,2.6024737,0.2103971,-0.85236967,rock
-7.851339,59.508636,3.6690323,28.985016,4.145485,10.275528,2.544892,7.5940056,-1.384974,2.9601321,4.0424523,-0.7512196,1.054092,-3.0428936,-0.99321187,-0.68976265,-0.68887824,1.5260838,-0.46764645,0.5032028,3.586613,0.7507191,-0.43721515,0.26533014,-4.880492,-4.4197674,-2.3885932,-1.9798486,1.4898015,-1.7972254,-1.4838006,-0.22219825,-2.4281468,-1.8920999,-1.3280592,-2.3496854,-0.7382763,-2.5889595,-3.6444843,-1.5074311,rock
-58.60115,64.89226,15.939432,5.449438,7.535342,9.880082,1.5892502,5.3452115,-1.2376224,-2.0299544,2.4436266,-0.72375256,-0.31555262,-1.4825039,3.296711,3.6478634,-2.5096352,-1.1688025,-2.3101037,-2.2162862,0.47033843,-4.1815033,-3.0550058,-2.471692,-1.8708916,1.3158123,-4.660945,2.339469,-2.4020503,1.399532,-4.975114,2.8937335,-0.94882846,-1.0565484,-2.5098863,-1.9611102,-2.5255702,-4.0861516,1.296566,1.8264512,rock
-142.01543,96.99694,23.240543,10.443576,6.2821693,4.9678793,1.0824391,1.0958391,-4.841728,0.8765874,-3.455809,-2.011753,-5.893535,-6.029564,-2.1259286,-6.1623487,-0.32294697,5.0935416,0.12192108,1.6692511,0.6167049,-3.0379333,-0.9464061,4.0167937,3.5772853,-1.2557291,-3.3197293,0.40932944,0.7552122,-0.75734556,-5.8166795,-6.336967,-1.1514479,2.4020607,2.0456274,-0.33700585,-0.37052456,-1.636576,-1.7798469,-2.7655814,rock
-219.12524,94.35542,42.78742,16.11604,9.527346,12.908823,7.7212763,2.3854547,-1.0225296,-1.9537667,-1.9797302,3.1503797,-0.88504124,-6.862013,-5.066963,-4.0098577,-5.596728,-4.9922543,-2.5146441,-4.291658,-1.7857989,3.2303789,1.6577613,1.9525399,1.6120133,-3.641486,-5.178137,-3.6030796,-0.31477618,3.4545996,-0.926602,-3.3528793,-3.2560275,-2.0212588,1.926277,-0.40386978,-2.570602,-3.754304,-3.3340683,-0.78519255,rock
-82.66664,83.48526,-0.57394665,10.4842,10.418732,7.0719404,5.08042,0.083452515,-0.20796469,-0.9347754,-0.09718939,-1.6991583,-1.0245148,0.17488037,2.3965554,-0.44954684,0.84802145,-1.8520992,-4.513158,-3.2022777,-2.6251328,-1.7176274,-0.87426496,-1.3123252,-2.9295533,-5.8799133,-4.007593,0.09105281,-0.39539787,-3.8928044,-2.7176023,3.317612,3.6486042,-1.0804422,-2.9939423,-3.1004071,-5.247241,-2.9667406,1.2463965,0.7306321,rock
-193.56297,98.39903,44.057728,23.779394,12.564506,8.460669,2.1713908,-0.34650666,-8.192859,-9.118401,-5.2358727,-4.838527,-1.3708209,-1.264208,3.2184038,3.6885915,1.3783063,2.7119117,1.6968778,-1.7956175,-1.2209158,-1.2037529,-2.591239,-2.6113868,-2.961122,-3.6538992,-3.6125202,-3.8669925,-1.7119477,-2.2801673,-2.475971,1.2777711,-0.9034012,-1.8881228,-3.6875324,-6.112613,-4.204514,-2.567623,-0.5363679,-1.2708966,rock
-212.29836,65.75985,45.18236,19.730082,11.805884,8.061574,4.434145,4.215858,-2.3181689,-2.1899483,-1.6369864,-4.6518984,-3.7266169,-6.779794,-3.0030584,-6.520257,-10.924708,-3.391123,-1.209254,-3.1217554,2.9313507,4.1246605,1.3281405,4.794704,-5.211665,-8.556807,-3.4932775,-3.2297492,-2.422054,-2.7003334,-8.799712,-3.573608,-1.5888952,1.9105595,-0.74642384,-3.7378678,-0.22809552,-2.2426093,-2.1806061,-3.5495043,rock
-302.79382,116.164375,44.75729,25.957436,18.726181,7.57291,7.33575,4.0423317,-4.186881,0.8677527,0.9239052,2.8157294,1.4195158,-3.4723823,-0.90459734,0.5782952,-0.8160129,-2.3739433,0.376118,-1.8671849,0.07744562,0.022260353,-8.704544,-3.0395916,-0.64389294,-0.53311515,-1.6635467,-0.11486576,-2.5617292,-6.3730083,-3.4730031,-1.0268706,2.197193,-0.57961905,-1.4441795,-1.7628658,-1.1512326,-2.8611183,-3.4718678,-0.27840385,rock
-118.818695,104.41145,-29.167768,42.108837,-13.289315,29.063269,-20.876986,21.613054,-24.32235,10.711963,-15.105817,5.948565,-11.778101,-0.9063817,-11.019617,-0.2010679,-6.916349,-1.2956265,-6.312216,-2.7065332,-2.475623,-6.352489,-5.9185205,-4.5041494,-0.7571343,-5.2257743,-7.0839496,-4.896278,-2.8791845,-5.618584,0.464694,-2.827352,-2.4983487,-2.8046093,0.7786899,-2.1541479,2.6320329,-2.8601437,-0.49818373,-0.6216828,rock
-95.29631,103.816734,-37.02142,52.69777,-20.764065,27.576885,-17.536627,24.813133,-11.300561,16.644619,-9.249601,10.187893,-8.786783,1.8505759,-3.948976,2.1735632,-6.692844,5.105645,-9.69792,-3.9585335,0.16986474,0.20194681,-1.4471781,-4.5402327,-0.72539955,-5.7655478,-3.4970677,0.9565517,-1.1622373,-1.642158,3.9819667,-3.6917312,0.8227599,0.4779805,-0.679893,-1.8747559,2.0808442,-2.4261384,2.887647,-0.999834,rock
-245.18564,95.09854,-21.243845,45.65592,-3.5624685,14.98203,-20.670311,19.526783,-21.713743,7.3274713,-9.289677,0.81875485,-13.016046,0.061691143,-8.23316,1.0623908,-8.035914,-0.39860073,-4.353721,-4.2199,-6.0955544,-5.5286736,-7.776269,-3.2609754,0.8331452,-2.8414803,-1.4088459,0.35428697,1.4749303,0.22192416,1.9769922,-2.422497,1.644745,0.91859025,3.487211,0.44925976,1.4248344,0.9620381,2.497147,1.329344,rock
-123.72794,94.754234,-9.566722,53.26891,-13.758115,17.728083,-19.21234,25.298622,-18.70441,15.385913,-12.513976,9.367707,-11.601578,0.6617184,-6.994155,3.3594775,-7.141151,0.5074789,-8.740343,-1.4704784,-6.558143,-3.94111,-3.9192364,-3.0784326,-2.0769918,-3.8447433,-1.8605682,-2.3776066,-1.3505203,-0.033599902,-2.670329,-4.7146535,-1.5407658,-3.4982495,0.8414061,0.20657082,-0.34495252,-0.39849693,0.32532495,-0.7273624,rock
-121.09557,91.74797,-14.709612,52.973698,-11.412968,31.003344,-17.491768,24.202194,-24.778625,17.113522,-15.88606,10.376739,-8.625384,7.149125,-11.833609,3.1751018,-10.365118,1.5153415,-10.35157,-2.4806488,-6.083119,1.1724961,-3.8187366,-2.5109959,-5.545677,-5.446168,-6.1364217,-0.66952497,-0.8031499,-3.5754015,-1.6482531,-0.89088106,-0.32796466,-2.768787,-2.3960044,-3.5231063,-1.8153179,-2.1437964,-1.4167283,-0.85490423,rock
-203.3139,85.381714,-11.569647,54.7784,-11.609861,20.572916,-27.770658,18.878086,-31.656443,10.709889,-11.93277,4.121628,-4.003614,1.7300527,-7.9092402,4.326782,-11.237886,-1.188486,-5.0319815,-2.3650405,-5.8797975,-1.4231365,-7.363117,-9.433569,-3.7259645,-3.1273406,-2.840722,0.21614604,-1.3879309,-1.9805272,1.5119963,1.9210231,-0.47729257,0.6335897,3.121777,-0.30285186,-0.5457867,-4.497911,-3.985827,-2.252427,rock
-202.22823,75.21359,-14.220877,66.31179,-8.289175,24.374107,-16.250933,17.12522,-21.291754,3.9677858,-19.749535,0.48966932,-4.5036573,-5.3664293,-8.973074,-0.04806868,-8.041708,-0.519308,-6.8042564,-8.449041,-8.494901,-5.1896496,1.3890805,1.141003,-3.970087,-5.810728,-2.8668666,-5.292758,-1.1315378,0.61247516,6.2383084,0.7776404,-4.2153573,-4.5664654,-0.35498628,-4.4519362,-5.800325,-4.804499,-0.85274947,2.5178754,rock
-79.849785,109.94089,-17.126644,47.195335,-11.94571,33.335598,-11.699733,23.630064,-13.667416,18.45372,-6.9371977,13.033838,-11.583448,9.107576,-5.955834,4.915925,-8.709809,3.7020502,-5.0979853,2.6259058,-2.5915296,1.331033,1.5103229,3.0324526,0.3053347,-1.0393752,-0.7881644,-3.5833805,-3.9639285,-3.7901297,-0.62640953,-1.8357409,-1.8785475,-2.921923,1.1047964,-1.3687897,-1.2539154,-1.8888363,1.3353846,1.6593653,rock
-95.32931,112.443436,-2.0780864,47.0446,-10.373584,29.782087,-15.112976,20.185732,-12.674205,16.48886,-7.8574357,11.875228,-11.181129,8.876124,-4.9432893,0.9183169,-6.1078544,3.2313335,-8.072234,0.7319107,-4.027599,-3.6107864,-2.2625692,-0.84076077,-3.9353278,-3.9992778,-4.38211,-4.562397,0.8078496,-0.5054981,-0.29479706,-2.9643302,-0.19422783,0.4983633,0.15910245,-0.8907385,1.2512022,-2.2002814,-0.86386937,-2.9408965,rock
-61.652554,103.552765,-16.907658,49.269325,-14.810511,31.711088,-17.215973,24.628935,-14.4823885,18.026224,-11.670496,11.484824,-9.816042,8.860339,-8.570697,4.405294,-8.278597,1.5993294,-7.026587,-0.8208448,-3.7459834,-1.055947,-3.1489418,-1.470389,-3.3283186,0.06686892,-0.4534146,-2.7462978,-1.2337346,-1.2837195,-2.6706347,-4.213151,0.41709554,0.8836617,3.2878096,1.4190819,2.9929895,-3.0080638,-1.3930284,-2.4373574,rock
-83.337296,103.88044,-13.938498,56.89741,-14.430382,32.19,-14.128751,19.159246,-9.344779,13.159195,-11.727716,8.406356,-9.399952,10.218948,-4.2199335,5.6187606,-6.3863792,1.8045069,-5.5758176,-0.4324659,-6.047599,-4.628821,-4.140155,-2.6250458,-3.6467426,-3.0348225,-0.01581302,-1.5079621,0.14010511,-4.551673,-4.0870886,0.1422346,2.7582917,-0.010808301,0.4628702,-4.826889,-2.8553827,-3.3164842,-2.721719,-2.7991538,rock
-113.69887,94.93524,-4.1180058,51.78671,-13.773854,34.33351,-17.59379,22.544245,-12.406815,17.202658,-9.234709,9.976575,-13.472091,7.569344,-7.2697444,3.6390865,-8.464248,0.39612663,-9.225722,-0.2802724,-4.818035,-2.4363606,-2.6482775,-0.64938563,-5.4107194,-3.4042206,-2.5228179,-0.52625155,0.9796236,-0.45798942,-0.21770337,-1.3692093,0.20528968,-0.21230829,-0.49270043,-3.711611,-1.7676376,-1.7627276,-0.19370425,-1.8719745,rock
-132.35645,124.65598,-9.664943,46.451984,-6.285326,30.5465,-11.139771,20.41103,-11.213244,9.377025,-5.8245196,7.8290353,-8.728431,5.6276045,-4.0788155,-0.62974894,-8.119383,-0.676038,-7.61097,-0.20681669,0.33320236,-4.145978,-2.7477834,-3.4008794,-1.3646202,1.5499178,0.9115148,-0.5558661,-0.38338235,-1.1486087,1.8716451,-0.34439144,0.7556999,-2.7216282,-4.426815,-6.03719,-0.69920534,-1.3464941,-0.81536305,-1.5838898,rock
-103.93918,101.90094,-10.340606,43.67417,-11.524458,26.930704,-9.990092,25.02072,-14.218496,19.70191,-10.535614,12.671651,-12.685293,6.849958,-6.0865602,5.455094,-6.235662,-1.4541347,-8.232369,-3.2686903,-3.5877416,-0.89703333,-5.189018,-2.2845418,-7.7103934,-1.7372053,-5.5566664,-0.102047995,-4.7707314,-5.1834836,-1.8240101,0.31922662,0.1023935,-0.23156247,0.13835168,-1.4987235,-1.7527808,-4.07225,-2.3206084,-1.1179885,rock
-130.98988,111.01548,-2.1539207,41.78767,-3.1985128,34.658478,-17.61137,19.87679,-9.144963,14.890434,-6.8441687,9.199765,-6.975001,6.3184733,-9.634725,0.51112944,-12.7766695,-4.886242,-2.5131242,-3.1215749,-1.466081,-3.1420913,-4.941559,-4.7214074,-2.1030886,0.24501874,1.0764558,0.074193425,0.4340348,-2.658174,-1.5756474,-2.9301102,0.11313327,-2.147864,-1.7402563,-1.095051,-0.68151665,-4.5807385,-0.07398868,-0.5117336,rock
-91.38539,112.11523,-27.342018,47.981018,-19.60664,27.728474,-18.553402,17.43945,-13.161743,14.4296665,-15.21798,11.52909,-12.585803,0.90807784,-10.44846,-0.61977905,-13.491329,3.308435,-3.7047021,1.0890845,-2.7223237,-1.8438008,-2.2554982,-0.5145076,-1.6299297,-1.8824066,-2.6250434,-4.1911864,-0.8357289,-2.493004,-1.2317744,-5.848187,-3.391913,-1.9842724,2.5558567,0.9970348,1.0615048,0.16114569,0.24017525,-1.4632406,rock
-88.000725,93.53732,-23.22885,48.129993,-21.446268,27.758793,-20.34056,18.754475,-15.226568,16.130507,-21.412472,10.8740835,-12.021344,5.1280575,-7.2995205,4.6578507,-10.173712,5.493204,-4.375102,0.3125859,0.14869118,2.0108676,0.5729744,-1.2293376,-0.68059057,-2.4713058,-3.4509983,-1.3762333,2.0343044,0.059125353,-1.3450605,-3.6758761,-1.4117119,-1.4862722,1.5836304,-0.04451551,-0.5839776,-2.4932678,-2.0367155,-2.6648312,rock
-121.43798,89.518234,-33.493107,41.97275,-25.929998,23.02586,-20.269114,14.3506975,-16.349438,17.03437,-16.955423,9.146751,-10.111248,4.2090273,-9.346902,1.6090045,-10.549011,1.067575,-1.6545652,7.5426693,-1.5241542,3.202945,0.120692365,-4.040259,-2.5083003,-0.54306,-1.6682596,-4.0262327,-5.831856,-3.3495097,-1.6013019,-6.3182845,-4.221278,-3.1663308,-0.5499576,-2.4538333,-2.5832584,-2.7020824,2.4136362,-1.3896323,rock
-95.476135,78.32375,-26.22216,44.237446,-22.4639,29.737852,-21.56705,23.955877,-16.578556,20.470058,-19.64269,13.886457,-12.624655,6.248262,-7.6597013,7.405312,-9.414199,9.653332,-3.77873,1.0691055,-1.4791125,-1.737345,-3.7127054,-0.31065124,-1.0909822,-0.61592543,-2.9389694,0.06902335,-2.0219421,-3.6622643,-3.8505852,-1.7572074,-0.162187,-2.6786473,-1.7493526,-3.4873455,-3.5473633,-1.2748746,-0.06607698,-0.5076556,rock
-119.17545,107.44643,-10.972755,58.55446,-12.931377,26.831795,-17.640741,19.371054,-15.608501,13.5666485,-16.67103,11.872087,-12.187864,5.232598,-6.1726136,4.253889,-8.042082,3.5274684,-7.682268,-1.3451043,-6.7337832,-1.130721,-3.0274227,-1.7833724,0.38602898,0.6546746,0.4739408,-3.4272132,-0.11757289,-0.96623,0.86770034,-2.2190099,-2.4585998,-3.683203,-0.20526361,-1.8607136,-1.9511607,-4.4008927,-2.218958,-1.0191227,rock
-94.301605,91.881775,-17.588514,45.52394,-15.698276,32.639088,-18.020702,21.573336,-15.734346,16.79548,-18.303877,13.337474,-15.461038,5.2062526,-11.223154,6.212513,-7.9550314,7.7081137,-4.6095533,0.52663624,-6.084117,-0.13722101,-2.8294902,1.876644,0.56284004,-0.6442842,-3.1121886,-0.66272044,0.6975158,-0.21206547,-1.9027481,-2.9598358,-0.7802571,0.6251369,1.473193,-0.029597374,1.8381463,0.2309186,-1.9498518,-5.663605,rock
-185.45334,98.932434,-36.442432,44.426693,-17.758,21.304089,-20.296019,13.779589,-15.489944,11.040962,-16.79225,2.326029,-12.639383,0.14767909,-4.397842,-2.4671617,-8.983908,6.862598,-6.7074046,-1.21035,-0.89325935,-0.7272912,-5.518884,-4.16666,3.0524232,-2.410415,2.5773191,-1.3659326,-4.3579545,-4.2110314,-3.985867,-3.5011582,-3.8619554,-3.9484909,-3.6940446,-6.9322658,-1.7077812,-2.3124053,0.74346584,2.1919754,rock
-160.12103,88.731476,-35.493244,47.491817,-12.622673,17.308823,-19.139456,14.591329,-20.38044,11.096237,-11.14557,7.7047076,-9.86575,6.991698,-10.135201,3.0655303,-7.9491673,0.7073351,-4.936253,-2.6115522,-1.9210403,-0.4502456,-3.9084873,-0.33883506,-3.307191,-4.166109,-1.4770669,-3.6378646,-2.251682,-2.8304229,1.7583728,-1.8915299,-2.0701194,-2.6730733,-2.55694,-2.760095,-1.1369281,-2.0683866,0.32021224,-2.7913346,rock
-42.66564,102.98204,-36.866947,44.534725,-11.986277,25.571468,-22.683826,28.340677,-19.273256,21.487629,-15.257317,11.752054,-11.576942,4.7838826,-13.031341,4.355795,-11.958511,0.88591564,-0.48164997,1.3000379,-4.1128263,-1.2024676,-3.718788,-0.74625987,-4.0773463,-7.5506587,-5.0403657,-4.0909004,0.25629106,-5.330764,-6.5381093,-4.344037,1.3614075,1.3018372,3.5080721,-3.2062497,-1.2407657,-2.6008153,-4.455997,-2.2968645,rock
-118.014465,84.04934,-50.27966,46.06395,-17.695774,20.860382,-21.651594,16.678535,-12.957173,12.82873,-13.105274,11.298574,-12.607102,4.3842344,-12.077613,0.66667664,-6.7942424,4.4643407,0.23727852,0.43376458,-2.1690688,0.6172175,-1.0984415,-2.3039997,-1.7630317,-2.8375924,-2.5608625,-3.5540442,-2.4925017,-3.7172947,1.2505646,-0.68431205,-0.8345377,-2.8901472,-1.2412813,-3.0495036,-1.6870798,-2.9182663,-0.14068288,-0.64808506,rock
-156.26839,130.76775,-25.24617,43.496662,-12.144104,25.410446,-7.947459,17.6216,-8.6321125,9.573707,-8.363632,5.7764125,-7.04443,-1.8792272,-7.6914062,3.0032125,-6.4427137,-1.3017408,-7.824338,-4.146752,-2.8562045,-0.26538455,-0.41715252,-3.9487667,-3.286997,-4.3436303,-3.0222244,-5.357046,2.6083772,0.90189004,-2.6598976,-6.3574204,-3.2287476,-0.65201545,-0.06252539,1.0057936,0.36398402,-4.549783,-4.5465117,-3.4413009,rock
-89.05667,86.2166,-24.418585,47.110077,-33.645473,29.479248,-19.750383,21.647642,-16.75611,6.54962,-13.397908,7.489511,-12.868063,8.592251,-7.8963995,11.499058,0.6794173,9.798442,-2.1312432,0.5883067,-2.2495189,-7.6202593,-5.457811,-2.8513067,0.10054862,-6.5032783,0.3475421,2.20727,0.8004536,1.8008572,2.218018,-2.1670504,0.2900625,-3.9007826,0.999384,-2.523046,-0.8758924,-1.9426868,1.1838746,-0.8001021,rock
-74.3017,100.113205,-47.370808,49.62339,-18.414455,24.620586,-15.914734,23.901295,-22.833792,23.336365,-16.94892,14.932431,-11.504434,4.227315,-13.630019,4.4797993,-11.667688,4.327969,-10.597871,-0.8430529,-6.434534,-1.9840796,-4.0056624,0.373667,-3.5660276,-2.9251194,-5.3028774,-0.96722555,-1.4579298,0.5735081,-1.3682623,-0.9511911,-1.0968566,-4.5758815,-3.0395155,-6.922779,-5.0335503,-6.6112065,-1.3044618,-2.7832992,rock
-70.11754,94.181656,-50.328033,46.9629,-16.114254,19.996185,-23.959724,16.344028,-22.188528,14.435193,-20.092636,12.150915,-14.765589,4.90943,-13.623413,0.8304447,-15.061136,-1.6045009,-16.089468,-2.1846828,-8.793651,-1.6405014,-10.105164,-2.008784,-7.8430758,-5.226162,-1.9363205,-1.3316469,-1.4376118,-2.4855173,-2.1420848,-0.6711617,-0.069493346,-1.0334134,-1.9470344,-5.418166,-4.45353,-5.344143,-3.0712996,-3.6359704,rock
-114.74584,119.291725,-50.72456,42.631332,-6.709271,19.714178,-16.887064,19.393305,-17.415947,17.311916,-10.866727,6.6682115,-15.753816,3.555531,-7.7599893,3.388017,-7.6890497,1.6226153,-10.70739,-0.5426015,-3.2493696,-7.410021,-8.892534,-1.3850281,-4.281842,-1.8752332,1.816127,-1.8258004,3.5818167,0.6187482,-3.6526968,-8.511887,-3.736369,-4.395516,1.4660378,2.1054866,0.5863717,-3.1178253,1.7584894,0.044632833,rock
-90.21276,80.05299,-46.369427,56.04585,-8.101378,27.48543,-17.328846,22.971903,-17.603975,18.401447,-17.44811,7.651446,-19.300837,1.1936784,-14.480706,4.5198197,-12.764399,2.9961746,-6.416898,2.256299,-2.6964045,-2.7303703,-10.797751,-4.7425528,-5.9334836,-1.1685158,-6.46696,-8.130785,-0.8096049,0.48579043,-4.8982725,-7.876616,-6.5880275,-7.259381,-1.747299,0.16112055,5.1295195,5.7752714,0.04559729,-5.2054315,rock
-153.6165,109.894516,-23.106592,59.00746,-7.527995,19.730127,-16.486076,18.08352,-22.215626,15.403847,-12.378472,12.349251,-12.316458,5.778132,-10.268911,1.8052714,-13.300427,2.4732304,-6.7196245,-1.1992677,-3.971835,-4.3252225,-6.2607465,0.7234387,-4.33355,-6.941438,-5.787297,-8.630747,-5.6588244,-2.191976,-1.6554074,-6.2526937,-3.4148977,-2.2820385,2.2306414,-0.6196696,-0.34399801,-1.7306195,-1.9805568,-7.57403,rock
-142.44206,116.23844,-32.19032,49.114605,-8.395415,22.872288,-18.311134,20.106487,-22.10691,10.796756,-13.001553,14.067452,-16.397627,4.162116,-4.3573008,3.7380047,-10.8545265,1.8724996,-7.467166,-2.797982,-7.6871924,-3.7949378,-6.239084,1.6139772,-1.7626295,-2.82538,-2.4674532,-10.968512,-6.256884,-7.789302,0.86425006,3.5594592,2.521524,-7.1681757,-7.5856223,-6.47564,-2.1074705,-4.1810646,-1.8611361,-3.1400518,rock
-125.06511,115.20331,-48.00468,52.8431,-13.49194,21.765408,-12.428561,20.139965,-18.370886,10.11969,-16.055443,10.48674,-17.959637,1.2157048,-11.543171,1.8466089,-12.854931,3.4517853,-12.594253,-2.1046684,-6.9512353,-2.5277975,-2.7965608,-0.16544826,-5.4146957,-6.4879465,-3.0602553,-5.2615685,0.5449912,-3.0118582,-1.5665575,-4.5934124,-2.1281588,-0.7098859,-0.4653477,-3.7233744,0.42699984,-4.195938,-3.780925,-3.8909907,rock
-224.99405,123.669685,-9.775933,56.60571,10.427107,20.634146,-10.2572565,15.573306,-8.251973,12.805178,-9.004446,7.690067,-10.085666,-0.25135598,-5.2833486,-2.8149054,-4.421223,1.5605098,-5.046413,-3.5825648,-2.7141404,-6.301061,-6.2490234,-3.7282703,-1.8834835,-5.7742987,-2.0966966,-2.325412,-2.3839135,-6.169497,-1.0648446,-1.6981899,-0.22608773,-1.1811448,0.17563859,-2.0126367,-0.5474206,-1.4701138,-0.45811382,-1.2127,rock
-235.2182,123.893234,-22.541746,52.924854,-1.4473308,24.668274,-7.072873,14.884825,-12.778574,16.709099,-2.946438,10.071948,-15.021038,3.1123164,-7.1283135,1.788251,-7.072692,0.021304104,-2.0276697,1.1558679,-5.1001005,-1.9196041,-2.4191625,-5.829586,-12.53893,-9.131477,5.6572804,3.6745727,3.1404836,-8.82069,-7.846698,-4.7402897,-0.33471012,-8.242069,-4.7434974,-6.665266,-5.753869,-5.972402,-5.264718,1.7873968,rock
